11
12
16
17
22
38
93
102
102
102
103
113
114
129
135
139
155
160
170
183
188
193
197
198
213
235
257
258
266
287
292
315
317
320
329
330
335
345
358
377
386
390
402
404
405
406
407
409
415
417
435
442
444
458
461
471
487
511
513
513
516
518
524
526
534
537
550
555
559
568
583
587
615
620
628
635
638
639
667
682
690
692
699
731
758
768
782
786
790
791
796
817
837
843
850
850
863
864
866
873
885
889
905
915
935
945
970
971
975
980
983
984
987
990
990
997
1007
1010
1011
1035
1037
1046
1076
1078
1082
1090
1111
1126
1135
1136
1142
1148
1155
1160
1162
1166
1185
1185
1198
1209
1212
1216
1217
1255
1256
1264
1290
1299
1302
1305
1313
1316
1324
1366
1369
1373
1377
1379
1384
1397
1416
1420
1421
1426
1443
1448
1461
1466
1469
1476
1490
1495
1496
1502
1532
1533
1534
1551
1563
1566
1571
1572
1574
1575
1577
1586
1595
1599
1612
1618
1628
1639
1641
1642
1666
1675
1688
1696
1719
1727
1730
1758
1758
1780
1784
1796
1798
1803
1805
1811
1829
1848
1861
1870
1870
1878
1887
1904
1937
1940
1943
1945
1958
1963
1976
1985
1989
2007
2011
2041
2045
2051
2067
2100
2138
2163
2185
2189
2197
2229
2232
2252
2259
2259
2264
2267
2268
2272
2280
2285
2287
2300
2305
2317
2321
2328
2339
2348
2352
2355
2374
2378
2393
2406
2408
2414
2428
2432
2444
2455
2457
2458
2458
2461
2463
2465
2468
2476
2499
2516
2524
2539
2555
2561
2566
2574
2586
2589
2591
2603
2603
2640
2653
2654
2656
2665
2668
2670
2678
2685
2699
2705
2719
2721
2722
2722
2722
2741
2758
2795
2797
2813
2837
2845
2849
2865
2866
2876
2895
2903
2930
2965
2980
3013
3018
3034
3068
3072
3092
3101
3104
3105
3116
3129
3152
3153
3155
3161
3166
3168
3170
3170
3197
3213
3214
3221
3224
3225
3235
3236
3248
3251
3251
3263
3274
3276
3285
3303
3307
3315
3321
3328
3347
3351
3387
3390
3396
3406
3420
3421
3422
3432
3459
3476
3478
3483
3485
3487
3509
3510
3511
3546
3549
3552
3558
3560
3569
3585
3595
3604
3606
3622
3626
3643
3655
3659
3676
3686
3691
3695
3696
3697
3699
3701
3740
3741
3757
3761
3762
3789
3800
3805
3813
3822
3830
3840
3849
3863
3872
3890
3897
3912
3914
3918
3920
3920
3922
3922
3929
3935
3943
3944
3947
3954
3956
3959
3961
3963
3964
3973
3989
3993
4001
4002
4023
4027
4031
4059
4062
4100
4104
4113
4116
4126
4127
4142
4147
4171
4183
4191
4223
4225
4233
4238
4270
4271
4290
4291
4314
4318
4346
4350
4359
4361
4361
4390
4400
4420
4422
4424
4442
4445
4465
4465
4482
4549
4553
4557
4561
4565
4567
4570
4589
4598
4607
4620
4644
4644
4652
4661
4667
4670
4687
4700
4701
4766
4766
4790
4798
4805
4818
4822
4854
4857
4866
4872
4939
4957
4971
4986
4990
4992
4992
5008
5017
5020
5036
5036
5061
5101
5101
5106
5108
5111
5116
5120
5120
5129
5132
5134
5162
5172
5187
5194
5205
5205
5206
5212
5217
5218
5225
5228
5231
5240
5246
5247
5260
5290
5293
5312
5328
5333
5338
5354
5370
5371
5379
5379
5381
5385
5390
5395
5412
5413
5420
5420
5433
5435
5447
5451
5460
5461
5468
5474
5477
5485
5512
5529
5534
5542
5564
5565
5574
5581
5587
5594
5616
5622
5632
5632
5648
5652
5658
5664
5668
5671
5671
5695
5695
5697
5698
5702
5743
5749
5769
5776
5795
5796
5804
5805
5830
5834
5838
5851
5856
5867
5880
5888
5900
5917
5932
5954
5961
5974
5982
5993
5997
6000
6003
6006
6039
6040
6060
6073
6075
6076
6093
6101
6102
6115
6116
6148
6161
6161
6178
6204
6224
6235
6237
6254
6262
6272
6278
6280
6294
6317
6329
6342
6350
6419
6423
6430
6445
6446
6456
6461
6467
6470
6500
6526
6540
6543
6558
6558
6582
6594
6604
6606
6614
6617
6621
6623
6626
6636
6643
6646
6659
6661
6679
6691
6691
6704
6706
6712
6713
6716
6738
6738
6749
6756
6761
6771
6794
6837
6840
6843
6859
6871
6877
6881
6881
6888
6894
6903
6917
6936
6938
6943
6974
6983
6997
7011
7046
7068
7080
7097
7117
7142
7146
7193
7212
7216
7221
7248
7249
7251
7251
7256
7267
7285
7292
7294
7314
7317
7319
7322
7327
7335
7341
7374
7375
7379
7384
7386
7415
7435
7436
7441
7447
7465
7470
7482
7507
7509
7521
7529
7536
7545
7567
7611
7618
7628
7628
7643
7661
7668
7669
7702
7711
7736
7737
7751
7757
7757
7760
7765
7766
7782
7793
7795
7798
7812
7823
7830
7834
7848
7886
7888
7892
7913
7926
7931
7945
7968
7969
7989
7992
8018
8025
8028
8031
8046
8047
8053
8056
8069
8081
8091
8092
8120
8142
8154
8155
8164
8179
8180
8191
8198
8201
8205
8224
8225
8260
8264
8271
8272
8284
8299
8309
8318
8319
8325
8328
8330
8331
8339
8383
8384
8397
8398
8398
8400
8409
8412
8435
8439
8440
8442
8464
8472
8476
8486
8506
8515
8520
8531
8540
8543
8550
8584
8589
8591
8600
8613
8623
8626
8640
8647
8651
8659
8673
8695
8697
8736
8746
8747
8757
8757
8788
8796
8800
8806
8810
8812
8834
8840
8852
8859
8896
8899
8918
8922
8922
8938
8948
8960
8975
9001
9018
9019
9027
9029
9034
9071
9088
9091
9107
9123
9126
9148
9150
9153
9159
9173
9174
9184
9186
9196
9206
9212
9216
9216
9241
9243
9246
9248
9257
9266
9290
9301
9309
9315
9323
9326
9331
9344
9346
9358
9367
9374
9382
9382
9385
9450
9462
9471
9476
9482
9518
9526
9538
9547
9547
9560
9573
9588
9590
9594
9610
9619
9624
9625
9630
9635
9647
9662
9675
9685
9697
9722
9723
9725
9731
9737
9745
9776
9791
9806
9821
9825
9828
9853
9853
9855
9861
9898
9925
9934
9935
9948
9975
9979
9988
10004
10022
10024
10040
10040
10045
10085
10086
10088
10103
10120
10122
10123
10169
10175
10197
10200
10214
10221
10234
10239
10242
10244
10247
10253
10254
10297
10299
10334
10338
10342
10357
10383
10402
10428
10485
10490
10492
10498
10502
10511
10540
10548
10549
10567
10592
10596
10638
10644
10649
10651
10658
10682
10686
10693
10696
10699
10701
10743
10768
10771
10776
10780
10780
10785
10787
10795
10819
10828
10837
10855
10855
10863
10868
10875
10882
10915
10920
10959
10960
10979
10985
10988
11029
11031
11053
11061
11068
11075
11075
11092
11099
11113
11114
11117
11129
11129
11156
11161
11181
11183
11185
11220
11222
11239
11273
11286
11291
11308
11313
11339
11343
11350
11363
11376
11392
11398
11398
11408
11446
11467
11469
11477
11488
11493
11502
11504
11510
11516
11520
11539
11549
11550
11550
11557
11563
11571
11575
11576
11577
11586
11591
11605
11616
11616
11618
11622
11628
11629
11629
11638
11639
11654
11663
11667
11679
11689
11704
11722
11724
11731
11732
11743
11747
11760
11768
11778
11784
11784
11789
11812
11830
11833
11838
11838
11840
11841
11848
11853
11854
11865
11870
11876
11897
11909
11923
11971
11977
11990
12006
12018
12019
12032
12032
12051
12053
12060
12069
12075
12117
12130
12131
12136
12151
12153
12171
12172
12187
12215
12215
12218
12233
12239
12247
12260
12266
12270
12287
12290
12298
12309
12315
12317
12327
12333
12336
12342
12352
12354
12355
12372
12377
12392
12396
12404
12405
12424
12451
12455
12463
12466
12466
12474
12502
12528
12535
12567
12575
12589
12595
12601
12602
12611
12615
12617
12633
12642
12651
12663
12667
12675
12675
12685
12707
12718
12719
12720
12722
12723
12736
12747
12750
12751
12751
12756
12768
12779
12811
12811
12816
12822
12838
12861
12871
12872
12879
12905
12912
12922
12930
12951
12960
12967
12981
12990
12999
13035
13037
13037
13041
13045
13048
13050
13057
13076
13076
13082
13100
13103
13103
13119
13125
13131
13141
13165
13165
13180
13203
13212
13214
13219
13224
13247
13251
13270
13279
13302
13305
13308
13315
13323
13324
13338
13350
13367
13375
13386
13387
13403
13404
13410
13435
13439
13443
13453
13460
13466
13466
13470
13471
13471
13484
13495
13504
13504
13512
13515
13515
13522
13530
13534
13540
13542
13549
13550
13551
13560
13572
13574
13582
13610
13614
13615
13620
13622
13622
13643
13649
13650
13651
13653
13665
13668
13687
13689
13700
13718
13732
13741
13742
13746
13762
13763
13776
13796
13796
13800
13802
13812
13817
13818
13822
13827
13828
13845
13847
13851
13851
13858
13859
13866
13871
13872
13895
13905
13908
13911
13918
13922
13923
13937
13965
13965
13967
13967
13989
13989
14007
14008
14023
14049
14079
14080
14086
14114
14120
14120
14120
14121
14131
14136
14139
14174
14176
14202
14214
14215
14237
14249
14262
14290
14298
14302
14302
14314
14318
14318
14329
14330
14336
14337
14389
14395
14421
14421
14424
14426
14450
14454
14456
14459
14461
14476
14484
14498
14499
14507
14523
14536
14536
14536
14541
14554
14558
14569
14609
14612
14616
14619
14620
14623
14639
14646
14661
14664
14665
14683
14688
14701
14711
14727
14735
14739
14747
14757
14795
14802
14814
14820
14822
14842
14843
14844
14846
14851
14859
14875
14904
14906
14912
14958
14963
14978
14982
15003
15022
15028
15051
15068
15082
15082
15087
15123
15147
15147
15159
15161
15168
15172
15173
15197
15204
15214
15237
15246
15247
15259
15275
15292
15318
15334
15337
15356
15384
15394
15404
15408
15423
15436
15441
15443
15450
15486
15488
15488
15497
15498
15500
15519
15536
15538
15548
15550
15566
15568
15568
15577
15587
15590
15595
15596
15598
15600
15625
15635
15642
15645
15654
15657
15664
15666
15668
15684
15694
15695
15700
15710
15712
15719
15756
15758
15758
15763
15775
15778
15779
15788
15789
15798
15804
15808
15823
15835
15836
15842
15847
15856
15859
15869
15873
15879
15888
15913
15925
15930
15931
15933
15947
15955
15959
16002
16003
16005
16010
16018
16025
16026
16028
16029
16072
16083
16088
16095
16112
16115
16123
16134
16143
16160
16174
16195
16198
16208
16212
16235
16257
16283
16290
16293
16307
16319
16333
16333
16352
16357
16370
16385
16385
16400
16415
16449
16459
16469
16483
16485
16491
16512
16529
16534
16547
16549
16563
16568
16579
16583
16593
16604
16631
16636
16637
16660
16663
16663
16666
16670
16678
16696
16739
16745
16759
16768
16769
16772
16774
16781
16791
16793
16799
16800
16805
16836
16847
16852
16858
16859
16861
16885
16903
16908
16919
16926
16933
16933
16970
16973
16976
16981
16985
17004
17005
17013
17037
17038
17044
17052
17055
17060
17077
17113
17115
17117
17132
17144
17151
17182
17183
17186
17205
17207
17226
17229
17231
17247
17252
17258
17260
17266
17284
17295
17312
17313
17314
17321
17331
17333
17355
17371
17380
17381
17388
17398
17405
17430
17445
17472
17473
17490
17494
17511
17513
17515
17523
17527
17533
17541
17553
17568
17583
17594
17608
17612
17625
17626
17638
17638
17656
17686
17692
17694
17694
17695
17699
17704
17705
17706
17713
17732
17734
17761
17764
17768
17780
17796
17813
17814
17821
17827
17831
17838
17853
17854
17859
17860
17860
17866
17880
17885
17893
17899
17903
17904
17906
17916
17925
17966
17970
18005
18025
18041
18043
18048
18050
18054
18062
18070
18101
18104
18105
18112
18117
18118
18119
18120
18128
18130
18134
18139
18179
18185
18187
18199
18207
18212
18214
18216
18222
18222
18230
18242
18242
18249
18270
18279
18289
18304
18324
18325
18351
18394
18398
18419
18420
18420
18427
18450
18458
18462
18471
18484
18500
18509
18514
18515
18527
18547
18597
18599
18599
18614
18619
18625
18629
18631
18642
18660
18685
18702
18726
18737
18741
18746
18761
18773
18789
18798
18805
18816
18818
18823
18846
18876
18876
18876
18881
18890
18911
18915
18926
18948
18977
18995
18998
19009
19020
19024
19030
19039
19053
19068
19074
19087
19097
19111
19113
19116
19118
19132
19162
19179
19184
19185
19187
19194
19195
19206
19207
19212
19212
19260
19261
19275
19285
19291
19304
19336
19362
19370
19376
19387
19399
19402
19404
19417
19446
19467
19505
19509
19517
19533
19558
19567
19596
19604
19607
19624
19627
19640
19643
19651
19697
19710
19711
19718
19737
19741
19746
19749
19776
19777
19777
19783
19790
19790
19793
19794
19794
19798
19819
19835
19841
19859
19859
19881
19902
19908
19923
19929
19929
19939
19957
19965
19977
19985
19992
20005
20031
20032
20034
20036
20037
20055
20057
20075
20084
20130
20133
20169
20173
20175
20194
20198
20222
20223
20230
20260
20265
20265
20275
20276
20281
20285
20294
20297
20300
20301
20345
20359
20364
20376
20376
20381
20391
20406
20408
20428
20431
20437
20438
20449
20460
20474
20477
20486
20516
20536
20550
20565
20567
20571
20576
20577
20589
20591
20596
20597
20607
20611
20611
20628
20645
20662
20667
20674
20700
20711
20716
20728
20733
20740
20741
20746
20759
20762
20791
20804
20808
20810
20810
20826
20831
20847
20849
20853
20855
20874
20880
20885
20887
20888
20895
20907
20940
20940
20951
20952
20957
20964
21000
21009
21013
21022
21031
21043
21072
21081
21114
21116
21123
21124
21139
21141
21142
21142
21147
21149
21154
21159
21169
21171
21188
21196
21196
21197
21198
21198
21206
21226
21236
21237
21242
21249
21250
21259
21265
21269
21275
21281
21285
21290
21297
21300
21323
21326
21339
21357
21376
21382
21387
21417
21418
21434
21445
21467
21478
21483
21484
21548
21552
21554
21558
21579
21580
21590
21596
21614
21633
21653
21654
21661
21663
21676
21678
21681
21705
21705
21711
21714
21715
21717
21721
21753
21759
21764
21776
21783
21787
21814
21835
21850
21877
21878
21882
21891
21892
21897
21899
21924
21935
21945
21948
21963
21988
22001
22020
22025
22030
22033
22037
22042
22054
22058
22060
22065
22070
22102
22114
22115
22137
22145
22148
22149
22152
22152
22153
22153
22162
22180
22182
22184
22190
22211
22228
22266
22271
22282
22287
22296
22298
22302
22304
22304
22313
22314
22330
22335
22349
22350
22370
22373
22395
22405
22407
22410
22418
22421
22439
22442
22453
22456
22466
22474
22476
22487
22491
22501
22508
22514
22526
22530
22532
22585
22599
22605
22611
22648
22652
22655
22657
22691
22704
22707
22714
22727
22737
22753
22775
22781
22789
22791
22792
22825
22827
22846
22868
22869
22875
22876
22884
22885
22889
22892
22893
22905
22907
22911
22938
22939
22949
22962
22967
22969
22988
23001
23011
23027
23035
23045
23064
23070
23074
23091
23094
23138
23154
23157
23168
23182
23183
23188
23190
23194
23239
23242
23260
23277
23285
23293
23353
23362
23364
23366
23373
23374
23382
23383
23399
23406
23408
23411
23424
23458
23470
23489
23489
23490
23503
23517
23519
23522
23526
23538
23556
23572
23589
23593
23594
23605
23619
23637
23647
23670
23672
23678
23685
23690
23701
23702
23715
23716
23726
23733
23737
23760
23761
23762
23769
23777
23780
23786
23787
23787
23792
23808
23810
23827
23835
23848
23852
23860
23905
23917
23918
23922
23923
23941
23943
23957
23963
23982
23991
23993
23994
24031
24038
24046
24063
24066
24072
24072
24088
24089
24102
24103
24105
24135
24137
24138
24169
24189
24198
24205
24208
24220
24223
24224
24251
24281
24320
24324
24334
24335
24341
24350
24360
24373
24385
24385
24388
24395
24402
24404
24462
24476
24477
24481
24483
24493
24505
24517
24526
24527
24552
24558
24571
24590
24592
24607
24641
24652
24657
24696
24704
24705
24707
24767
24771
24810
24812
24821
24841
24850
24853
24863
24867
24869
24879
24888
24890
24899
24905
24911
24912
24912
24922
24936
24954
24962
24978
24982
25007
25014
25029
25034
25042
25055
25083
25083
25093
25094
25114
25123
25123
25126
25131
25132
25132
25137
25139
25157
25160
25161
25168
25172
25189
25199
25203
25212
25222
25224
25226
25233
25235
25244
25250
25254
25269
25275
25301
25301
25324
25349
25351
25364
25365
25367
25372
25376
25376
25383
25384
25395
25425
25425
25427
25428
25428
25433
25440
25453
25468
25470
25472
25488
25496
25507
25510
25514
25517
25547
25549
25549
25549
25557
25566
25610
25611
25621
25637
25645
25646
25655
25673
25681
25683
25684
25705
25719
25734
25750
25767
25778
25803
25804
25816
25818
25836
25859
25871
25884
25886
25886
25892
25897
25921
25929
25951
25951
25967
25981
25987
25990
25998
26004
26007
26031
26050
26057
26066
26069
26072
26084
26085
26085
26088
26091
26109
26110
26114
26130
26137
26141
26156
26168
26170
26175
26176
26184
26206
26208
26216
26236
26247
26258
26278
26317
26339
26352
26353
26363
26388
26394
26398
26409
26431
26432
26472
26474
26483
26485
26490
26511
26517
26534
26539
26550
26573
26577
26595
26639
26647
26664
26669
26671
26679
26711
26714
26715
26718
26722
26724
26726
26728
26734
26735
26739
26745
26753
26754
26766
26770
26772
26784
26785
26790
26791
26823
26835
26835
26836
26849
26851
26857
26882
26891
26902
26916
26917
26920
26924
26936
26947
26963
26967
26969
26971
26973
26977
26987
27017
27019
27020
27021
27026
27041
27053
27065
27071
27077
27078
27084
27090
27112
27119
27147
27150
27153
27180
27180
27205
27222
27222
27227
27233
27241
27259
27299
27299
27299
27301
27304
27309
27326
27333
27342
27343
27343
27351
27360
27382
27399
27424
27424
27496
27497
27498
27509
27558
27559
27570
27572
27581
27584
27588
27600
27611
27626
27627
27631
27651
27656
27661
27662
27668
27668
27681
27687
27710
27711
27717
27728
27730
27730
27742
27746
27748
27784
27788
27808
27811
27812
27830
27846
27862
27873
27874
27880
27883
27884
27888
27917
27917
27932
27964
27968
27970
27976
27979
27986
28003
28007
28011
28015
28016
28024
28027
28042
28060
28079
28082
28114
28115
28123
28126
28147
28172
28207
28232
28237
28259
28260
28269
28276
28280
28294
28297
28297
28306
28325
28331
28351
28357
28366
28368
28379
28382
28393
28403
28403
28403
28406
28408
28412
28424
28445
28446
28448
28453
28457
28471
28473
28476
28482
28483
28495
28500
28505
28507
28517
28524
28546
28587
28598
28606
28633
28634
28636
28637
28647
28650
28656
28665
28666
28672
28675
28679
28682
28688
28690
28705
28706
28710
28723
28743
28755
28777
28779
28784
28789
28790
28806
28807
28816
28823
28831
28836
28840
28840
28841
28855
28872
28877
28887
28893
28903
28926
28930
28933
28934
28941
28961
28962
29008
29021
29025
29030
29031
29033
29044
29044
29058
29064
29066
29069
29082
29082
29096
29102
29122
29127
29131
29131
29135
29140
29143
29147
29154
29156
29158
29163
29168
29183
29200
29209
29222
29233
29244
29248
29253
29267
29268
29289
29291
29304
29312
29317
29318
29319
29349
29361
29365
29367
29371
29378
29383
29384
29386
29391
29394
29394
29396
29404
29425
29438
29442
29446
29450
29453
29453
29456
29461
29468
29509
29513
29517
29525
29535
29547
29561
29570
29590
29593
29604
29606
29622
29640
29665
29696
29744
29749
29773
29776
29818
29825
29829
29839
29849
29850
29868
29889
29932
29934
29969
29975
29984
29984
30001
30011
30012
30018
30026
30032
30045
30070
30071
30071
30080
30108
30117
30119
30137
30159
30167
30201
30215
30240
30253
30256
30285
30310
30310
30334
30337
30358
30360
30365
30365
30372
30378
30382
30385
30415
30416
30429
30431
30439
30442
30444
30451
30453
30455
30465
30477
30497
30507
30510
30511
30524
30535
30551
30551
30557
30559
30573
30577
30601
30614
30620
30626
30636
30638
30641
30651
30652
30654
30664
30682
30690
30700
30718
30721
30732
30754
30757
30772
30778
30791
30792
30793
30803
30811
30866
30875
30902
30902
30914
30921
30942
30944
30946
30949
30965
30968
30983
30984
30989
30999
31017
31053
31070
31072
31076
31091
31107
31148
31161
31189
31203
31209
31237
31252
31276
31292
31311
31314
31320
31343
31421
31427
31437
31442
31448
31462
31480
31506
31511
31525
31533
31543
31551
31551
31562
31566
31568
31569
31571
31612
31618
31628
31649
31680
31683
31686
31719
31720
31734
31735
31748
31748
31765
31770
31770
31771
31788
31794
31821
31839
31843
31872
31872
31875
31882
31887
31910
31921
31930
31943
31971
31977
31992
32003
32007
32008
32050
32056
32065
32068
32074
32077
32087
32107
32150
32157
32160
32168
32174
32175
32180
32189
32195
32196
32204
32221
32240
32240
32274
32302
32302
32342
32351
32358
32360
32369
32376
32389
32403
32415
32447
32452
32456
32470
32475
32477
32501
32516
32523
32539
32541
32550
32551
32566
32595
32609
32615
32619
32634
32652
32682
32694
32695
32700
32730
32743
32765
32773
32778
32780
32784
32786
32788
32789
32798
32810
32811
32815
32834
32856
32858
32870
32872
32876
32878
32879
32883
32899
32903
32907
32907
32909
32943
32977
32980
33001
33004
33005
33013
33016
33031
33032
33041
33044
33045
33049
33061
33062
33089
33101
33101
33102
33104
33115
33119
33132
33133
33136
33140
33155
33160
33162
33164
33166
33168
33177
33185
33189
33192
33216
33230
33234
33234
33277
33278
33293
33297
33347
33349
33353
33355
33358
33376
33376
33403
33414
33415
33418
33422
33424
33438
33449
33450
33450
33451
33458
33460
33470
33475
33492
33513
33520
33524
33561
33572
33591
33613
33615
33618
33620
33624
33629
33648
33666
33668
33675
33681
33683
33686
33696
33700
33701
33701
33707
33731
33745
33762
33763
33771
33779
33791
33831
33852
33876
33881
33882
33883
33888
33901
33904
33905
33913
33916
33927
33944
33952
33953
33972
33980
33991
34013
34016
34020
34028
34089
34106
34114
34120
34123
34131
34157
34163
34167
34167
34179
34202
34219
34221
34226
34236
34248
34249
34251
34269
34283
34288
34297
34302
34339
34351
34353
34361
34362
34364
34385
34393
34410
34415
34417
34417
34421
34433
34482
34485
34489
34489
34492
34504
34526
34531
34535
34537
34548
34550
34553
34558
34572
34579
34586
34591
34591
34596
34606
34651
34656
34666
34668
34674
34679
34694
34696
34699
34720
34724
34736
34759
34761
34766
34769
34784
34808
34814
34821
34832
34842
34861
34862
34862
34884
34905
34908
34928
34943
34976
34982
34991
35016
35022
35033
35036
35054
35062
35072
35073
35087
35105
35106
35123
35126
35131
35154
35188
35193
35197
35212
35215
35216
35221
35241
35272
35284
35313
35334
35351
35351
35359
35365
35369
35374
35382
35385
35389
35431
35433
35447
35471
35483
35505
35534
35536
35548
35548
35563
35572
35575
35580
35582
35598
35604
35614
35628
35631
35667
35708
35729
35751
35757
35765
35766
35770
35801
35821
35823
35825
35840
35855
35856
35859
35860
35866
35880
35882
35889
35893
35899
35899
35899
35900
35922
35926
35926
35933
35938
35956
35968
35974
35994
36003
36019
36027
36036
36038
36045
36045
36063
36081
36089
36097
36099
36134
36134
36190
36212
36215
36223
36224
36240
36247
36251
36254
36256
36261
36269
36272
36273
36277
36279
36286
36287
36292
36294
36318
36323
36348
36372
36385
36385
36389
36404
36433
36437
36465
36471
36471
36486
36521
36523
36547
36554
36555
36556
36557
36561
36573
36577
36596
36615
36617
36619
36623
36635
36649
36653
36653
36659
36662
36678
36694
36697
36699
36706
36716
36729
36732
36752
36754
36759
36759
36771
36771
36776
36783
36784
36790
36794
36801
36801
36811
36822
36827
36835
36842
36852
36865
36908
36910
36925
36926
36931
36937
36943
36955
36967
36988
36997
37000
37012
37018
37026
37042
37061
37067
37084
37086
37087
37095
37113
37114
37116
37132
37157
37173
37199
37206
37218
37229
37231
37232
37243
37259
37261
37272
37292
37292
37303
37308
37310
37311
37322
37341
37343
37344
37355
37360
37370
37374
37375
37378
37387
37416
37419
37431
37432
37446
37457
37471
37475
37480
37494
37498
37508
37511
37520
37531
37538
37555
37556
37563
37563
37574
37577
37581
37591
37600
37628
37644
37647
37664
37676
37683
37685
37686
37705
37707
37711
37740
37775
37776
37780
37840
37846
37858
37859
37869
37875
37884
37899
37903
37914
37914
37934
37937
37938
37939
37956
37966
37969
37977
37981
37986
37989
37989
37990
38009
38019
38029
38035
38037
38038
38038
38042
38053
38064
38073
38079
38095
38101
38118
38124
38136
38152
38152
38168
38169
38178
38188
38214
38215
38217
38224
38250
38252
38252
38280
38318
38334
38336
38340
38344
38346
38366
38390
38393
38394
38395
38408
38411
38412
38427
38428
38433
38455
38455
38469
38480
38481
38497
38507
38517
38522
38532
38536
38539
38545
38546
38574
38602
38609
38624
38631
38637
38654
38661
38663
38667
38695
38703
38704
38704
38720
38722
38727
38732
38741
38742
38752
38757
38758
38764
38764
38765
38766
38768
38772
38779
38779
38799
38804
38810
38836
38855
38866
38878
38880
38885
38899
38983
38990
38992
38999
39022
39030
39032
39034
39052
39057
39070
39072
39101
39107
39133
39162
39189
39212
39234
39240
39245
39260
39268
39274
39277
39279
39292
39296
39301
39303
39308
39322
39348
39351
39375
39388
39398
39409
39419
39420
39423
39433
39449
39454
39471
39485
39492
39512
39513
39518
39546
39567
39580
39596
39597
39603
39611
39612
39633
39636
39639
39647
39658
39671
39674
39683
39705
39721
39723
39742
39749
39770
39774
39779
39780
39780
39786
39790
39804
39810
39813
39818
39822
39839
39844
39850
39864
39887
39894
39896
39915
39943
39946
39948
39950
39975
39982
40024
40034
40068
40098
40107
40115
40118
40127
40128
40136
40137
40143
40146
40155
40172
40187
40207
40220
40237
40238
40240
40244
40271
40281
40297
40306
40309
40312
40327
40327
40333
40333
40339
40339
40345
40345
40354
40386
40393
40399
40433
40461
40472
40489
40491
40521
40523
40532
40551
40553
40562
40562
40589
40627
40658
40685
40701
40712
40713
40718
40729
40751
40753
40763
40765
40781
40785
40788
40794
40807
40808
40809
40816
40829
40834
40839
40845
40846
40869
40877
40878
40882
40915
40917
40929
40947
40949
40967
40986
41005
41006
41045
41060
41064
41092
41100
41100
41118
41121
41122
41124
41137
41148
41172
41206
41212
41231
41244
41260
41280
41283
41295
41302
41312
41319
41320
41332
41339
41349
41350
41356
41359
41361
41364
41372
41397
41415
41425
41428
41443
41467
41468
41475
41479
41488
41503
41510
41533
41535
41541
41554
41558
41584
41590
41591
41596
41596
41596
41601
41613
41613
41618
41627
41631
41669
41681
41696
41700
41716
41737
41748
41759
41759
41761
41765
41770
41772
41773
41775
41787
41796
41831
41876
41877
41889
41889
41898
41899
41909
41922
41929
41941
41950
41950
41960
41966
41968
41983
41997
41998
42018
42022
42025
42027
42061
42061
42067
42068
42078
42083
42085
42086
42106
42132
42136
42143
42170
42175
42183
42190
42196
42200
42202
42216
42224
42254
42278
42291
42291
42295
42300
42338
42347
42349
42358
42362
42374
42379
42386
42386
42394
42407
42411
42413
42421
42427
42459
42468
42471
42496
42513
42513
42516
42518
42526
42533
42541
42582
42589
42600
42607
42613
42624
42627
42647
42666
42704
42709
42711
42713
42734
42739
42748
42751
42760
42773
42782
42804
42812
42813
42827
42843
42851
42855
42855
42856
42883
42885
42889
42892
42915
42920
42937
42995
43006
43014
43022
43028
43034
43036
43039
43065
43074
43078
43097
43104
43110
43118
43154
43162
43165
43197
43200
43205
43206
43232
43239
43250
43253
43296
43324
43337
43350
43351
43363
43367
43390
43394
43419
43441
43455
43471
43479
43504
43529
43534
43544
43547
43559
43570
43587
43598
43600
43607
43628
43647
43664
43667
43670
43675
43684
43687
43694
43696
43710
43724
43738
43745
43745
43752
43758
43768
43775
43780
43781
43793
43816
43819
43854
43856
43865
43865
43875
43880
43889
43898
43905
43906
43912
43916
43932
43937
43957
43975
43989
43997
44012
44015
44027
44035
44047
44050
44051
44054
44086
44096
44131
44136
44156
44161
44172
44185
44187
44191
44193
44203
44216
44217
44236
44264
44269
44293
44304
44310
44317
44323
44325
44365
44366
44376
44380
44384
44391
44401
44415
44424
44437
44437
44497
44504
44511
44520
44520
44528
44548
44564
44566
44588
44596
44622
44638
44643
44664
44675
44676
44687
44691
44693
44719
44724
44732
44744
44759
44763
44781
44788
44793
44796
44801
44811
44842
44856
44883
44885
44887
44896
44939
44971
44979
45005
45009
45014
45016
45026
45027
45035
45043
45048
45050
45054
45063
45067
45085
45089
45090
45101
45123
45124
45127
45127
45144
45165
45190
45203
45215
45219
45239
45248
45258
45259
45260
45282
45298
45301
45303
45340
45341
45355
45362
45368
45383
45401
45407
45410
45412
45457
45469
45478
45492
45505
45510
45527
45534
45546
45551
45556
45557
45566
45574
45588
45599
45602
45622
45642
45682
45688
45692
45695
45716
45725
45737
45739
45763
45768
45776
45786
45790
45794
45795
45824
45830
45832
45851
45856
45876
45886
45912
45915
45916
45920
45940
45953
45955
45975
45982
45985
45986
45990
45996
46003
46013
46017
46020
46058
46070
46072
46092
46107
46122
46130
46133
46139
46140
46141
46145
46148
46149
46156
46158
46160
46175
46197
46201
46215
46220
46221
46240
46240
46262
46300
46300
46348
46368
46372
46377
46393
46416
46433
46461
46474
46475
46497
46498
46499
46531
46531
46536
46542
46543
46548
46551
46554
46556
46563
46567
46610
46611
46613
46631
46637
46642
46650
46656
46696
46698
46714
46722
46722
46723
46730
46747
46758
46758
46763
46775
46782
46787
46793
46796
46809
46810
46816
46841
46861
46887
46892
46896
46898
46899
46919
46927
46927
46930
46951
46954
46955
46976
46994
46996
47004
47008
47013
47023
47028
47032
47033
47044
47060
47061
47062
47063
47070
47091
47114
47115
47118
47124
47136
47143
47172
47178
47181
47196
47229
47234
47246
47255
47266
47272
47291
47295
47299
47317
47321
47357
47363
47391
47411
47413
47414
47433
47447
47452
47453
47456
47459
47468
47474
47489
47489
47497
47559
47574
47589
47600
47626
47626
47636
47651
47657
47668
47680
47681
47694
47720
47746
47755
47760
47769
47773
47779
47827
47835
47855
47864
47888
47888
47890
47900
47917
47919
47959
47968
47975
47976
47980
47985
47986
47994
48014
48019
48024
48027
48034
48043
48072
48088
48114
48125
48129
48142
48149
48167
48169
48175
48198
48200
48230
48233
48247
48265
48270
48273
48274
48279
48292
48295
48304
48304
48318
48330
48348
48356
48373
48375
48393
48393
48401
48403
48423
48431
48440
48442
48449
48460
48472
48487
48519
48531
48546
48551
48551
48569
48586
48618
48622
48630
48654
48658
48669
48680
48682
48701
48730
48730
48741
48744
48749
48771
48773
48781
48782
48790
48792
48808
48808
48814
48823
48829
48849
48859
48859
48867
48873
48881
48891
48941
48941
48949
48955
48988
48997
49002
49011
49015
49015
49028
49039
49106
49111
49140
49166
49174
49197
49198
49222
49222
49248
49249
49262
49279
49297
49305
49316
49328
49337
49359
49362
49371
49396
49397
49431
49432
49432
49433
49444
49452
49480
49486
49502
49520
49530
49539
49571
49576
49583
49585
49587
49591
49595
49596
49598
49602
49606
49610
49636
49659
49678
49685
49691
49712
49724
49728
49728
49731
49759
49761
49763
49767
49801
49806
49814
49823
49823
49842
49852
49861
49867
49873
49874
49875
49889
49898
49900
49908
49909
49915
49926
49932
49933
49934
49954
49966
49969
49970
49980
49991
49994
