10485
21149
39864
10297
33234
11743
9150
15758
41909
41773
5461
16973
18876
43647
9821
31427
40491
46637
15197
25987
30001
39260
46475
48546
33101
43504
29200
24962
15497
16861
33913
25981
38009
40128
36277
21242
18222
11778
3351
26483
19902
8812
43455
5129
2458
19627
36556
9301
32615
18104
1639
12615
23715
48114
11161
23168
7969
6712
48129
39818
23572
48393
15798
27932
4872
18427
49174
23094
46556
18876
49576
32810
27687
9382
37938
46497
29008
40845
22149
11622
25301
23787
40589
49015
38252
18101
22182
46221
24812
36662
36038
14735
35054
18187
42666
6278
2965
8191
29371
15873
43419
45298
48682
37457
21031
36619
33953
38
43816
22453
28011
19116
46240
18599
18130
843
36699
40312
47063
27862
26973
49452
8948
28379
33991
17966
34656
3307
26156
30378
19179
35926
42027
17860
23383
13057
20831
7335
29446
14646
46140
23808
113
42379
42407
18242
9573
45457
24905
22988
39671
18230
22439
48618
12960
22781
16583
13967
26088
9091
10696
11618
45016
2722
45830
18398
15778
16660
42085
11575
47657
38224
35382
47769
46954
27788
16010
6526
39597
7267
29513
29267
25496
18304
44236
38455
7436
10819
18773
49875
36261
29468
11493
31276
32189
7322
16026
14318
40333
24462
25892
37989
12685
11273
35757
25990
5413
18118
48867
45009
25384
44732
40627
17231
13035
34862
22037
36822
12032
40809
36697
48292
20276
14541
45920
18816
38214
28297
33133
28546
2758
25376
16534
31794
36649
18642
24135
42061
36759
23001
3421
28495
17732
44047
45725
47118
45260
34114
292
7292
24922
36988
21935
11550
17880
17854
30365
6093
12502
29850
990
15259
5225
17523
13404
8225
2516
37538
16637
39274
26891
20057
34120
44622
30455
46197
8092
42067
30310
8383
15710
5231
11722
37644
33132
45953
21850
29849
2045
34351
26050
3034
49610
47626
36908
29365
5851
39423
16903
22487
45048
43793
8896
29168
4766
5702
25364
29209
14120
22025
3943
29829
43607
15664
17473
26739
11616
39322
22939
30012
23672
48988
49397
39633
46613
2656
18998
2463
42078
2252
41302
3478
12396
16549
48997
33513
38602
40712
12722
2722
12736
33016
32550
6342
48680
22
49432
26647
5695
22370
23011
29367
21357
22407
35351
17970
41415
20700
36784
33492
39303
44437
3321
18050
10985
2317
1563
49587
43028
30636
18660
22115
13651
1209
28457
28682
17583
27888
21681
23277
258
44691
18995
37966
33449
4346
22287
24863
41397
9071
24707
30700
19859
28027
48749
47196
46696
16663
46782
39723
13650
15441
11838
27301
33001
6646
5982
583
885
27662
23860
17494
38704
9206
5460
22153
13551
27746
13367
21300
3168
38073
18351
23027
32452
33451
20222
29147
114
33355
35221
13763
15147
13410
7415
14499
20055
29749
15082
20940
23762
5293
38433
12466
14498
10244
970
44401
37990
14336
15700
7509
18761
402
46887
1212
33852
33460
30358
317
33166
31930
14080
14664
45340
37846
29163
15394
17594
10596
2685
41356
15888
7470
20173
30385
17713
21142
41137
22054
1829
23188
45915
20589
23589
9153
38152
7441
42613
34861
7757
25778
16791
38188
6794
12130
42386
35956
43875
9979
46551
12912
17686
28790
20381
37858
9174
4445
25351
16663
42851
27180
39850
38765
14120
13439
47917
2272
37231
6881
37132
11339
49011
3922
15879
5804
32403
8264
41759
26278
18242
4661
39189
2280
33450
25921
40137
8975
30365
15488
25637
39567
9019
31839
28331
23138
11629
42600
41761
48859
49480
28893
10197
14842
49166
42427
20645
31569
690
28755
24198
35284
49767
13386
37563
33216
5658
44051
8543
2374
9538
34179
41941
34908
32369
36623
8046
43997
29222
49806
42855
45054
45050
19404
26247
44216
11830
46892
42136
28872
41998
16333
30507
41765
46070
34421
41332
1727
28471
49874
4100
4361
405
12392
39268
32773
49015
13665
26770
44588
13471
19624
5993
8520
5379
32240
19087
33561
29131
11222
28784
37480
43906
9290
29244
39975
43710
20576
8053
22180
20449
28505
42892
20853
7248
32160
3626
6262
45824
46747
850
25646
16370
23194
518
38101
5433
19604
21661
915
47178
444
38395
7435
26085
17638
13762
19794
4565
21814
8325
25014
16670
1217
12218
23918
33376
32195
46531
45551
28941
13732
21197
11663
36926
21714
49763
42358
7669
37775
9625
21198
4570
48019
28633
30654
32008
42394
16799
36573
30559
25123
11586
47229
26339
40155
37498
26066
22350
34028
37969
1290
47760
25517
29304
1037
13582
29066
43394
21250
33192
3018
8800
4113
17388
37432
34766
49396
29825
17916
35968
10383
43039
13905
23963
35729
4059
27812
28147
42760
11840
16115
10402
25951
41631
39705
26987
5212
35123
36732
42813
34666
6102
1612
38779
23489
5395
39896
22884
1571
7812
25203
28306
850
39107
2268
2930
9518
30080
31076
18629
8271
13542
29030
34221
5172
35087
27559
26735
36561
14290
35900
21226
20391
3863
10004
43880
25610
49900
33115
27180
24063
8318
5485
24912
13776
24105
44193
23293
20536
25269
41922
28806
38810
37303
29378
10334
38741
6936
3420
25301
37577
5671
12879
7968
25886
39234
18199
1495
39133
1313
45026
29547
9630
511
20810
23406
40967
15003
13050
11502
6623
21323
6659
11784
24978
36036
38469
13718
9323
41889
5371
46899
13911
18249
4866
6148
7482
23064
23994
12967
40729
19020
42513
358
35882
13323
40115
43200
28325
19517
4701
1299
40839
27711
13082
32168
13746
1551
45886
39420
9791
1256
36318
23701
35856
7536
46201
43337
46951
20194
22655
4031
5565
15168
20741
7798
44842
10855
997
39518
46723
5697
40816
3914
49759
3897
36081
13504
5447
48318
19275
15237
15925
21945
5290
1780
45832
1490
11469
42782
38035
34123
13165
43600
15642
33905
1397
26835
44759
18746
16352
7834
40794
23519
11747
40553
43768
47827
20408
15566
46145
39683
30803
12069
27979
2444
30201
23810
20285
41669
32943
8319
42143
46107
18270
24137
30011
36019
971
41122
21116
33675
48955
11909
7193
10701
2461
17312
24879
22869
32878
37375
28903
30032
49444
6881
32475
45996
30690
19111
37664
29984
43781
46158
26091
28403
20294
6101
14421
21265
13574
35536
4939
12528
13796
28483
39580
16257
45795
14459
5477
28672
18185
731
25055
33980
7611
7529
29975
4652
26639
17638
987
36771
13796
27077
15173
34089
49530
29593
21705
13103
31480
42995
41983
11628
21478
31562
27884
33624
12372
49712
28647
30557
442
3701
14536
24404
27581
44511
45407
20571
28500
46393
7341
8647
39822
22514
9088
39351
18458
30792
18805
16290
23787
10787
27917
11616
42349
22152
45239
21072
38215
40237
1628
5008
43937
32516
45763
37869
27026
7521
8439
21877
20265
15779
30524
10086
4644
39611
15788
39454
36754
945
5743
10540
11731
11
38507
20431
22162
33745
41503
26728
40333
9482
31735
34269
41997
27497
22137
35374
1369
46927
7251
21633
29058
4126
31719
33701
10088
13858
23154
46841
14802
45248
23733
42885
45258
12239
13315
33771
12336
21169
10498
2668
30651
8584
36937
38999
2432
25425
24373
3800
38704
47975
25433
17761
2100
23503
17813
12187
37360
7319
9027
18514
2566
49111
11398
14176
11350
41064
14298
23685
12233
41148
26352
42883
49731
29640
48233
18515
21417
22605
22314
10120
36931
47746
27880
39030
37600
45692
17568
41312
19362
26595
9825
38280
25705
37574
2455
3406
28637
33104
27090
40869
24251
19794
103
23982
49433
14688
42496
20849
37292
31161
30968
24223
45259
25199
29604
32858
37243
47172
24169
6604
40118
345
44883
32174
4270
13689
35580
32907
46793
29021
40127
21043
48814
6582
11376
48247
21269
20223
35447
24912
1384
16415
15486
46642
41613
45090
45851
28855
8613
36372
1811
48730
36716
13045
47255
40986
26734
32834
40244
23526
28207
46722
10920
27020
3303
22296
41618
24571
42518
27065
15835
10253
43479
31320
6894
1443
26409
19097
46650
1373
5468
48460
102
42183
11504
47357
49520
4589
46542
6115
28114
41100
2837
39034
18120
22491
27681
9737
47062
20198
36801
29248
30451
46631
10567
3696
14426
3328
22792
11075
4700
28259
25886
21154
36794
3741
34862
2665
8330
47755
25132
2795
38855
27968
8180
6974
458
35860
33062
13871
22410
36215
43118
19212
49197
20037
22907
13622
23364
12051
24696
44415
6661
16933
15568
9806
20674
16781
28823
45355
14536
3954
48149
3390
31921
6329
26715
48730
8540
9776
12601
30949
12342
22070
160
11539
42106
39419
25160
31821
1469
16208
26236
24481
33140
8155
639
3813
24936
29461
15519
39471
33414
13668
9212
31686
36348
35926
30415
44887
12053
9367
25836
24395
31437
42347
35933
39894
31765
11092
21715
49585
27299
14302
24066
26791
22456
24704
46955
47391
20516
12474
3213
3929
26141
12424
35614
28840
14701
16028
23726
26754
25395
15913
1148
23183
8260
3432
13076
40024
30875
1142
5961
24526
15443
30026
1316
37899
21081
48270
1641
41596
10743
4854
11876
3235
33629
47489
32074
48330
29868
22152
25083
21614
38064
42582
44796
12675
46013
24224
2699
43239
25365
8659
17764
40808
5036
35431
28706
42468
33701
46698
415
10795
17903
12290
30382
1532
26130
12455
49861
5997
34606
41295
27611
39022
33876
38758
1696
46240
12981
20746
5830
38346
29404
23594
45505
791
25376
40562
9610
25428
37259
10024
36223
5162
22313
16604
23045
48442
45410
22905
20791
46368
30551
48401
35389
30778
3510
37084
27017
16491
7830
49198
21188
3585
22791
33044
20728
48167
23605
30337
39946
10863
6713
26168
32376
29025
9123
5420
43819
20885
44676
14609
17252
25226
29361
2640
6003
32870
6075
49371
15712
30256
48569
3251
193
37711
36294
37272
2229
9898
17608
42175
37113
24320
34694
35840
19697
10169
41260
13515
31053
2287
28123
48304
43865
23835
17295
49867
6704
39721
15590
38768
19977
30510
42018
36521
34572
44664
23792
3153
4561
7751
11679
8025
48423
46372
43865
18119
22892
1476
47985
3944
3762
42459
18599
47626
16293
35893
13845
39348
41966
45786
28115
28294
42647
20133
14814
43570
31148
4957
46722
35708
12707
8400
10085
11129
21124
20301
45599
44015
21776
9935
47959
41889
2393
32909
5867
18685
35154
36063
24385
27119
48200
2499
5412
40846
38983
36577
34415
20130
41533
47489
22190
20591
5888
32274
48072
43363
18926
10022
37378
40701
19957
1688
48941
22349
34596
21159
7386
19749
7221
31770
13219
5420
620
34982
12617
39603
21558
47032
26084
29442
44520
48273
16385
16759
46898
14456
10122
15823
40829
13851
22875
10785
15538
38168
49486
16485
9326
6871
2586
32899
4992
15804
38318
21963
786
935
27917
38695
14318
4001
34489
25189
18625
873
8299
31875
31680
18420
14049
22508
48622
3276
33293
30511
41443
32778
46996
768
6000
15933
33666
27343
48088
38336
49305
48873
5622
27222
3920
19939
47574
38408
45127
16198
5632
19777
14424
37311
4549
28473
26170
3170
31748
9462
33681
23190
8591
47028
40309
30942
29312
40327
8284
27399
45014
23941
42624
635
1162
46543
36925
15087
1302
48403
47636
23285
18179
12060
26947
22727
40532
3116
25897
38631
28930
25929
28172
37520
39308
34832
18462
18619
41510
43097
46017
36523
17037
4992
3509
34550
1534
40433
49636
19187
5187
47272
42471
23366
25683
19417
46092
32566
38885
38340
21196
17814
30620
15719
5333
36279
550
40146
21249
8412
49595
33618
11286
16631
38609
14795
17533
40143
21579
33520
25681
26766
30791
34504
16483
22825
3920
28926
5390
42804
17266
42937
26969
14237
25007
32302
516
25557
38799
21764
320
38393
5381
11605
21376
10342
42751
5260
16836
30682
38779
42516
7447
35922
27019
40281
8746
47291
19206
14136
6446
36471
23424
33415
17060
48431
32068
33927
40339
37218
22042
40658
25611
43775
18614
13338
4116
27717
18597
20951
8398
7375
13466
32196
43296
6837
22476
18394
4127
41681
48881
26924
44504
22304
10338
11563
37086
8757
11841
27424
45975
33882
34433
37937
27656
19399
17626
31771
47115
2574
2721
5512
9948
32539
37707
19596
39375
26534
37989
9853
18214
3221
36776
29069
41876
13466
6983
28962
38574
18823
22737
34548
2705
23522
38836
30360
42920
6461
12131
40034
9034
31203
11897
35334
13741
15955
21281
19467
8840
25621
29319
27053
28841
32447
22474
20716
45912
29456
16029
34485
48279
38766
35385
983
12287
24220
47694
5206
47033
26176
11591
22418
7379
39839
24103
37471
22145
45383
6938
30984
37355
36256
24388
16195
18702
46861
3263
30965
26317
19291
15450
40947
8056
17186
41929
36694
7757
5974
41899
21141
32150
19841
43559
5880
26031
34013
43350
48175
29396
287
29158
33102
2895
3546
49297
21596
406
18911
2561
43074
4553
34362
34020
28961
17899
42300
15654
25655
48274
23905
46796
46775
43745
6706
2654
19776
40718
46003
34302
36465
12642
13460
19567
15536
17005
35215
3483
33762
20477
22395
26836
25029
6756
10855
3989
41006
3155
19643
33013
17780
43547
46160
14554
3643
2865
17207
39770
9934
29561
24072
12751
42202
37531
48669
7737
20887
33883
27572
21000
4359
49966
47835
45739
23074
25042
49728
14079
44548
19370
47091
28679
29268
43250
43232
49262
12466
26790
39032
38752
6350
13103
1502
14904
16985
170
38992
4223
404
16563
25222
21114
16529
39409
16852
5954
14450
16579
20032
25349
2300
33475
4027
47919
26724
13610
47181
5542
40399
36212
44293
13100
15666
45794
28003
49002
12315
33347
3224
12718
49909
28445
33831
32789
17853
682
38742
48654
33613
25126
40354
2264
8600
44380
183
1675
7989
47363
7216
14739
49926
17860
44191
31943
13653
38545
30944
25967
21891
34167
5036
38152
12611
38866
37292
46816
5900
42386
45469
39512
17511
35823
41775
26110
46554
8309
44136
20895
5671
17704
1985
21948
35563
46175
3890
15568
34720
1185
7886
22962
35351
12922
11113
14314
18139
14757
11129
24038
7142
22949
13549
24652
25123
21676
17113
38029
29984
27600
25275
2007
45303
27259
40306
30866
39786
10548
46433
24505
11732
4318
13818
13435
33591
41283
27748
1730
6039
5228
25767
13180
44528
5668
4183
36003
27343
37647
24031
23678
15246
15657
25684
10549
42915
32342
7766
32700
42889
20550
23556
4620
24867
37374
18054
24810
28656
12153
26539
1046
17380
2305
30577
28260
24324
34759
14262
1666
38757
4644
41696
4002
20300
33731
30902
13214
16072
38667
12266
8960
9216
35821
29932
435
39546
14337
25244
34553
26490
18134
35598
10221
20438
16174
38480
11114
17284
2741
12779
6040
7384
20826
26394
44035
4557
23647
7249
20628
28666
35866
45940
4233
38038
25871
4667
27584
40207
46262
12136
16696
14395
14086
26917
1185
46611
31748
12298
13895
34489
41428
36286
8224
28606
29031
2259
33162
2678
25859
3789
31343
11724
49728
35575
49761
41950
6594
43696
32157
19207
22184
15204
49954
36269
8472
17490
32879
40220
46139
13125
41060
3918
15763
15635
32523
44793
17893
15684
13822
10103
35825
11516
38178
1904
13443
37939
43854
20036
47986
42362
5594
20169
23917
21899
22789
48741
39388
22020
5312
1878
1496
12723
22148
17258
28357
4670
28403
12602
36706
42224
22704
22530
3740
10882
40785
17182
15172
990
3569
29509
43351
25514
49678
33620
47413
22466
32360
3152
10837
4023
21382
12333
16745
43529
29590
45101
48198
7992
7702
1255
16568
46758
40136
36659
23991
30921
3840
39162
31910
23760
35022
41613
15625
34699
41584
13037
23517
23943
32541
34353
44317
3922
13037
11061
13802
42627
6161
28351
16970
30215
29606
49889
43324
19741
36547
17314
17013
6738
22827
15275
30497
7848
23239
46122
8899
14822
25510
32415
5116
24402
33119
49432
44675
46156
10492
8476
5134
33004
36827
38455
29570
32784
38344
22893
18876
24890
6558
35889
31628
29384
17515
28476
37232
40753
40949
46130
5574
32811
44896
27041
7212
44366
26472
1887
40521
3315
26714
12006
2670
13540
461
32240
12675
38804
21484
31551
30045
28042
33791
28024
23777
1305
6500
27360
8409
13800
23489
30334
46610
34736
7374
3822
29102
197
22060
35974
3511
48773
47980
22532
28665
48440
21123
41339
3595
42607
22889
49991
37000
6679
28015
10776
24335
866
38136
32743
14665
27976
13076
27627
29064
36801
31448
24517
36997
19859
10490
6859
18631
24821
29391
47295
39612
513
4986
43206
9471
27874
43197
12822
905
37563
39950
41591
38428
44437
24334
3092
38764
3761
30718
17827
40562
28517
8695
27558
14727
19185
34417
33358
10357
30159
47004
49969
47023
1989
9526
22846
46215
19074
35667
13471
6636
41968
5061
45063
36404
29394
14507
25168
33155
11576
9346
23716
6445
34393
17625
21171
19929
2041
20880
30285
48551
34236
30253
45574
36224
39779
18419
48790
8852
20437
12260
15488
12405
17321
26902
48808
46714
7760
40327
46220
19336
16025
36287
42132
417
3912
13302
20345
22304
534
16981
20855
34769
47234
32780
37344
37012
1198
36134
12215
37986
48393
44054
390
32065
37308
15550
28779
45067
22228
41350
30754
38252
43989
22885
5020
47900
2539
41716
36555
3072
8697
23761
37840
22282
6540
41535
25645
24089
27668
37859
12075
42413
48265
28816
24477
35572
44365
19607
30638
16593
27309
11392
21196
21297
628
26216
35548
3166
34283
22102
6237
9331
12215
10428
31612
35106
1963
7256
25547
45982
11467
3973
38394
9731
32788
12871
11654
27153
48829
42291
43745
26137
20034
31292
47433
20662
7507
32980
23827
8142
21434
46416
17472
33648
6843
15436
35105
25157
22691
10651
21139
34157
14623
25884
10239
47411
5106
21892
40915
3935
30535
1011
30071
568
32302
43856
37581
6161
26835
11408
14302
14620
7823
48125
14619
31017
13560
49724
22526
36251
26726
43664
36759
41349
35899
13350
5111
41005
35241
12377
44939
15775
13387
41361
32695
45688
35216
20275
1848
28403
48034
32501
43022
5856
30626
23993
3225
44185
40068
25750
46787
16793
35765
49898
24493
21663
13247
45955
12667
48487
8331
23957
30614
21717
15318
13308
17405
16885
49934
35604
11639
47968
18105
21013
20175
15082
45005
23399
9266
35072
15500
22405
18216
1264
22302
42709
39279
35548
38663
1945
386
46994
42254
30999
35062
23923
10658
18818
40807
10592
4422
18798
24911
38878
39810
45085
3959
1166
18484
13224
2589
335
35628
20804
1599
24281
13512
40877
9828
18527
9173
10214
31872
1426
41212
16933
41700
18222
35751
48859
45165
40172
17656
20075
45401
7465
15159
49359
24982
49994
28934
27570
329
30914
48373
18279
5194
28237
25507
15022
46763
34679
25235
28634
2457
32798
45566
44156
17371
47668
43014
12535
4191
27021
32609
49591
837
14120
48949
25818
30465
27883
3387
30793
8796
18112
15423
13989
46348
40929
45362
43110
41960
20596
38095
10768
19746
12
21275
37116
47680
30641
16003
1870
7661
14963
1461
24850
29082
409
667
9547
44643
20406
6691
19790
38517
22114
33779
1216
29394
45492
44325
37705
16088
48771
48472
2185
48782
36099
5652
46461
16739
21654
14683
40751
36617
16143
15600
32050
32903
32619
41596
43898
19376
14639
13687
7892
3104
13817
9107
48849
9309
19783
36554
41748
34905
1377
43932
33686
37475
49583
46499
20565
21237
11181
27668
24205
43675
9619
6254
26577
8589
14202
20474
27964
28840
513
35855
48295
14329
11313
47143
23637
47447
33696
15384
32351
35073
9315
32389
38899
25250
28887
25816
12838
6419
19835
37042
93
29453
9647
26669
38042
23848
13495
16005
19039
14007
18212
17333
44687
45876
14476
18324
9675
14523
33707
42025
15947
9374
40765
21198
975
19651
47013
13812
26069
16847
17205
42513
12651
26851
35534
692
699
49028
33049
36089
29386
17612
3422
24072
29839
34249
8747
39513
15123
8806
47890
31070
34531
38654
2267
35505
24657
49279
49316
17077
32477
32872
9590
45127
9722
45123
12171
26772
10502
11571
12861
39887
45534
32634
30310
25372
33234
39057
31237
48356
14214
45478
29425
48744
34131
48043
34248
25139
47321
49915
42216
46149
32786
1805
7628
8859
13279
19798
35631
23780
47720
14843
30018
43253
13828
26679
34976
47061
32087
16212
11768
46300
11689
7545
45043
12172
5587
45642
37310
19260
45556
29525
15408
44693
47681
23035
3552
10959
9184
5534
1090
6903
20376
31107
155
555
24138
35131
13967
6224
17694
25734
2524
29383
33278
13918
41554
5217
9560
45215
24476
21467
41092
6235
16160
38772
45622
19711
16083
4805
41596
33524
28060
11971
30983
44566
28877
5120
29696
42843
11343
13742
34928
13866
9476
34558
27784
17381
39774
3695
12595
30601
25161
3686
36835
41320
8810
48808
27382
41244
19965
18977
24767
48024
47299
5749
42589
26175
10868
38637
35369
22211
2378
20297
2428
11853
21206
46563
29233
10979
257
8179
7931
41770
11865
11117
33089
37026
9925
26823
28269
29889
12151
19387
44264
9450
41488
36852
1976
2355
25488
3697
40917
44217
40345
9697
22421
11550
22611
18005
38880
22868
26184
46810
30989
4400
7926
30429
41425
34202
7251
36045
30442
19402
21783
24705
45203
13270
11557
13530
31977
3396
17226
39245
13965
23922
48941
36385
35471
21552
4390
24350
10771
30573
37511
41759
1324
11789
38539
42748
45990
45790
45144
26432
31543
16926
1136
26745
46548
29044
6626
28524
48792
23852
17768
12756
47773
33061
49140
49596
20964
19881
40297
31734
16805
27808
39844
18128
39596
28382
27227
1937
40523
38722
28368
22065
5648
45856
15161
18547
24899
21787
47070
23690
11990
31189
2797
26114
14249
18289
42061
35212
38169
32358
33297
21326
26517
39492
5805
16112
34226
33032
18048
41100
21753
12768
29517
43752
8623
11029
28650
49873
32815
25719
39915
11156
23260
42711
3622
37508
27351
45682
39072
31872
44391
38720
3197
20907
44564
9001
37018
28789
8384
21418
36240
30137
537
15756
40240
9159
26785
18890
25383
25951
10960
31649
3459
34219
24360
7080
38079
18062
19113
27150
49933
13504
32221
3129
34410
26784
28482
37780
21924
36865
25549
8164
33353
26085
40271
23593
1595
17055
8834
26977
9358
19793
8626
12816
20364
49337
36247
8442
17398
21711
1943
33683
1566
34163
36811
2328
27299
15292
40107
49222
18509
32007
23737
1861
8091
14008
25453
9685
47414
638
3013
6771
36783
11638
35938
7146
27326
38536
15587
44724
10247
33881
28406
11812
18043
31568
14139
45341
13212
20597
10915
31720
2603
34651
49932
10693
48658
41737
36729
46072
42374
39742
19194
29156
1379
5132
2653
28705
43667
34591
39780
20265
18471
34537
32077
2866
32456
12567
14558
12019
33164
25472
43738
35766
10123
43670
12811
25132
1758
49539
37555
44131
5632
6749
39639
7011
28232
42291
2067
38250
26882
8198
8515
11704
42734
6943
14569
41541
19509
29127
3560
19024
4598
13649
21142
31072
23670
33952
6204
25427
49842
43758
19558
5474
16858
9196
28836
45089
17838
30902
49691
44719
5451
8205
6423
14536
15147
37343
6076
1007
16469
9635
20031
37419
39636
41172
34842
13305
41475
41045
38732
7668
1155
24641
13141
34364
188
8328
29453
18025
5581
29143
29096
11031
3699
1870
25566
35197
39212
47994
2555
22033
7628
22585
25803
13615
30108
10644
26920
37934
18041
32003
45602
19195
6643
25094
3558
23182
33422
49362
41206
5354
44856
36653
16385
14906
38522
41950
102
44086
39943
19009
32470
13923
7945
8272
43889
38053
18915
20808
42338
36955
19162
4291
22501
25804
45737
42411
15337
45510
41772
6543
863
2980
9547
17247
17885
14421
25549
34339
8506
31843
3347
7327
12117
11291
15598
6006
15695
864
43165
24385
4171
12327
28675
26671
4482
40763
35433
19819
36272
27205
42713
3487
46536
2259
20733
30772
33031
12633
31462
7888
10828
34808
15214
39296
12451
30811
45301
44497
48027
4818
18881
2197
17144
13908
45219
37977
21022
30652
7795
7294
24208
16859
10780
37095
19118
47864
17866
18500
26849
49328
26388
37676
487
41601
26971
29289
38764
38624
23786
36790
43441
9018
5338
26936
39277
16908
14912
10299
47559
22707
33944
38118
5917
11075
25212
25034
8938
43078
43534
2138
8757
36273
39813
9243
27873
33136
38532
16636
21759
12317
19777
31551
37686
25114
8486
26963
42022
39749
37261
5932
28807
37556
44050
34724
48630
19261
26109
7567
28690
35994
26057
37446
22266
15869
13041
139
15356
1572
16774
37114
30240
2903
35016
17925
28016
9853
11239
36389
49602
14851
8673
28408
2406
2722
13131
1035
38334
39240
24954
33376
25233
1010
37173
13851
33230
213
13989
48586
1784
47114
2051
48375
16
37067
32652
44384
46919
10242
47124
12872
25093
5796
41280
27498
24869
20762
44885
13203
26353
36190
12930
1586
37199
102
31788
20428
315
45776
35365
18450
9241
37416
33177
9257
40834
32180
19992
4104
42421
17115
16976
17513
22911
24607
11363
47779
45368
22599
27333
21721
8788
6614
39658
45986
6716
21445
32765
23382
33572
34482
41831
42812
21897
41359
18420
29082
23538
38411
33185
15959
21878
16512
49823
44788
41118
11185
8918
36486
135
2603
24558
8922
9216
14215
21259
15931
2011
20376
5664
35582
4857
13847
28393
26753
5205
13165
5834
28743
1575
5370
11053
39804
21882
10875
34591
12999
38412
9861
15836
38546
12463
40393
47468
21678
4607
18726
3961
6617
39101
9624
8550
43957
23470
36943
37061
45027
16459
9246
23769
34385
14616
34821
24189
2849
45695
25131
15847
34106
34991
31683
22652
47453
38427
36471
35483
43034
21548
5795
16002
10649
31770
24552
20957
5240
27846
8018
266
44304
33615
40386
28688
48230
41558
2876
17430
3604
28007
33277
4062
29349
31311
43065
43154
19737
29535
28636
29122
1082
782
45124
28082
32551
36027
49039
4142
13872
23408
20759
24527
23374
27496
3214
37956
19053
22442
5385
22657
16800
38661
26718
46148
36323
36134
39301
6060
15668
34288
1533
33101
1421
46656
11183
33972
32682
26573
4465
12905
49980
25224
37431
23353
2719
6997
11308
38124
29438
33045
10780
12589
21705
3849
8736
8028
39982
14389
30439
22001
15028
31971
5101
16449
44979
16283
16772
44012
42855
21236
6917
9186
12811
10699
48891
31882
17695
26550
20005
13484
9594
47136
26072
47651
984
1160
22030
7317
15548
2468
29317
46927
790
34417
13375
45768
17052
46498
39780
26258
17734
13048
1796
46896
40098
17038
28777
7793
43587
48781
37628
19533
45916
13700
17183
13251
14859
5564
20567
46758
8031
16235
43684
25172
17004
23411
20940
407
19908
27071
26664
3993
6470
44811
889
46567
11848
29665
20711
5435
28446
8339
41319
40713
38390
24853
3964
3248
30416
40882
16357
4798
7117
10040
29969
40472
33450
17260
40878
19710
10682
17541
23702
17151
12352
24590
30070
40551
20607
17132
45985
15404
25470
3655
6116
13859
28507
26431
33458
8922
17313
49814
30071
40781
26206
10040
31252
26007
27299
38481
45716
37981
22373
35770
21483
1076
26711
17904
41627
47317
35036
3963
12720
26857
7618
35188
7068
2476
27970
6877
11398
45282
6691
41468
2414
49248
17859
17
25254
11510
38497
37322
15842
27222
23091
3676
28297
49801
21580
19923
13470
22967
40238
42541
49823
47855
27728
23242
330
5698
30119
28079
17331
3161
35899
36097
2408
3757
2465
27661
31618
7314
14982
47459
34535
4424
1135
29183
4225
22714
49106
17694
12032
5695
10234
11854
3549
4314
1448
20230
26363
31566
14661
10045
1078
559
46141
3485
20667
14958
47497
2285
22271
28831
16095
23157
49606
17229
2339
3830
6294
17796
37875
18325
23490
14461
46531
43390
35126
14330
13620
11488
12247
28280
37884
13324
45190
377
33160
15856
15334
47008
34492
3956
42190
587
27112
41796
34167
29450
11977
40461
47246
49852
25137
37087
30664
38019
30477
15789
2348
44096
43628
30946
38727
31511
44269
33916
31887
43780
16123
13572
40788
615
17527
32977
17553
44638
41124
1719
24088
3101
8531
37685
19304
33668
24771
16319
38038
5247
32107
6738
15694
42086
37683
4420
39948
48304
4687
21835
42083
20810
1758
49222
37776
19285
48551
5328
13922
39674
7046
4361
9126
15577
8397
44781
15596
33168
11099
19985
4766
43205
26722
20460
1642
30757
41231
41590
45412
12270
29776
37494
49431
31533
3068
37206
817
1618
42533
31091
7643
15930
1803
16769
31506
10200
11549
13453
43367
22648
33438
14484
32204
26511
34943
198
23619
42526
41787
19030
21147
37914
22876
20577
19446
42295
7782
36615
43912
16666
17705
17906
32595
35859
34674
30453
46058
12575
43905
5776
1574
43694
20260
129
36557
21554
16678
10175
30431
8464
45557
1577
46377
34784
22153
32175
27078
29934
18789
37341
12951
2845
5246
45546
38703
6272
25998
34761
18846
36254
6888
36771
46300
27147
3251
32856
48701
19929
9382
29131
44744
21290
47060
41121
6073
19212
39647
49502
15498
8435
36842
28448
27631
8440
40345
16333
14711
32694
17445
49908
18948
40685
36678
15247
17831
6280
14454
32883
26208
40187
28366
20952
11477
25425
28424
33901
10988
18070
33403
26485
42856
36596
21285
20486
45035
11629
3170
9745
44323
36967
26004
29622
27651
29033
11220
11833
35313
25673
11068
11520
15859
39433
48823
43687
31209
43598
27588
42196
11667
27342
35033
20874
13937
6317
7711
25324
34297
27233
1420
44971
30551
27424
24592
8201
6456
2163
36385
8120
44187
47452
19640
26398
3236
34814
20084
796
28412
14023
9344
6430
41364
44376
27304
21653
17044
1366
46976
17692
28598
14747
12663
9148
42170
3606
33700
14978
5769
36437
39449
16307
33888
25440
42704
3476
10254
29140
4271
5017
43162
13614
11446
34526
24341
5101
6178
7736
6467
19505
25428
1416
34251
4442
26916
42773
8047
26967
24102
30167
13403
13550
46474
13643
38990
5529
33470
15595
34668
37740
20611
27830
17706
32056
12355
8398
37157
34884
16134
9975
20740
7913
27742
4990
12354
21009
14114
36752
47976
4567
16919
27730
18117
29744
41372
23458
35272
24841
39052
36292
28933
9662
14121
12990
8069
42827
21387
11577
27710
3872
37903
48449
11784
15645
19790
40489
36653
33904
27241
980
4822
10511
28710
22938
6606
36433
12747
41877
27626
1798
44520
6558
27811
8640
35899
35880
1466
7285
47456
45527
27509
35359
43975
39292
17355
30117
46133
20359
30372
23373
21339
35193
235
16400
24483
6840
19184
37229
15068
46809
5379
9588
19718
33189
34579
5616
19068
36045
29253
32876
31571
6761
34586
41898
12404
1940
38366
24888
22298
18737
14612
9988
20281
14846
42739
44763
38037
11923
31992
3105
25083
37370
29044
44801
36910
13622
16768
22330
16018
46020
5205
47589
19132
39790
5838
47888
8081
44203
22775
46730
29291
37387
23070
49571
2232
15808
10686
6621
27730
9029
9725
2813
12750
5120
13965
49659
18741
30732
21988
1111
43104
43544
15051
28587
49685
20888
26474
7765
31442
49249
20847
27084
36635
43916
43006
5218
9723
3691
11838
3805
12719
37914
22969
25468
9385
3285
41479
28126
34016
29818
45588
43471
23362
10638
22058
39398
31525
48531
13515
29318
14131
34361
22753
17117
28276
15758
22335
4350
35801
524
8154
48519
4790
47474
40339
14174
758
48169
8651
1126
27986
4238
44596
17699
14875
33005
7097
12751
47888
20611
42068
12018
4971
14820
29135
49598
46930
17821
3947
32730
34696
28453
47600
39485
42278
4290
3659
43036
2458
12309
44161
30444
16547
5108
48142
31421
4465
21590
44172
2352
42200
2591
30721
13522
33763
9855
13119
47044
44027
33418
29773
28723
11870
43724
18207
4147
48014
38217
13534
471
526
24046
47266
33424
29154
11760
14844
49970
33349
25367
2321
25549
44310
33041
39070
44424
9248
2189
41467
3274
1958
37591
48348
13827
31314
32907
