1
2
12
33
49
57
58
65
73
105
120
123
130
132
146
162
189
209
210
219
267
281
294
302
325
328
334
335
341
341
358
359
359
406
422
460
461
466
470
485
499
501
527
536
536
538
538
543
550
565
571
581
581
604
606
625
627
635
654
665
666
670
674
681
681
683
703
712
732
740
744
769
773
780
785
814
816
817
834
838
842
844
849
856
868
872
886
887
894
899
902
903
911
923
948
972
974
1001
1004
1019
1023
1034
1052
1060
1062
1064
1090
1109
1146
1152
1166
1180
1191
1192
1192
1215
1229
1243
1245
1256
1262
1262
1270
1280
1294
1297
1320
1323
1339
1343
1360
1372
1390
1392
1393
1395
1398
1401
1410
1441
1446
1454
1455
1460
1470
1495
1500
1504
1511
1514
1514
1515
1521
1521
1527
1543
1548
1556
1561
1566
1568
1588
1597
1603
1611
1622
1629
1635
1646
1652
1666
1683
1689
1704
1706
1715
1721
1726
1729
1745
1748
1752
1759
1772
1783
1785
1788
1828
1831
1858
1878
1878
1914
1978
1983
1986
1987
1988
1990
2005
2009
2026
2049
2073
2079
2110
2144
2148
2154
2154
2154
2160
2167
2187
2201
2212
2218
2223
2225
2232
2245
2284
2289
2295
2304
2325
2330
2331
2333
2336
2338
2354
2357
2364
2373
2382
2388
2392
2394
2396
2414
2427
2439
2442
2448
2472
2498
2501
2507
2513
2525
2528
2529
2578
2588
2608
2626
2637
2641
2644
2647
2682
2688
2701
2708
2712
2738
2748
2752
2752
2762
2805
2810
2815
2817
2818
2820
2823
2826
2827
2837
2845
2852
2855
2863
2869
2885
2905
2911
2928
2937
2944
2948
2949
2962
2980
2980
2987
2991
3000
3001
3008
3012
3012
3017
3017
3079
3081
3082
3088
3099
3101
3111
3113
3130
3130
3137
3168
3185
3191
3205
3210
3230
3256
3259
3285
3291
3302
3305
3321
3326
3342
3357
3407
3421
3425
3431
3436
3443
3451
3479
3495
3497
3499
3512
3516
3519
3549
3551
3560
3578
3610
3617
3627
3632
3670
3681
3684
3718
3721
3721
3727
3729
3739
3739
3757
3771
3787
3830
3835
3840
3857
3860
3897
3907
3915
3920
3922
3926
3926
3930
3935
3943
3944
3951
3953
3963
3967
3986
3997
4002
4007
4008
4010
4011
4014
4017
4025
4028
4037
4042
4050
4063
4066
4073
4079
4080
4090
4107
4108
4111
4119
4123
4158
4158
4166
4174
4179
4181
4187
4190
4201
4230
4238
4240
4245
4249
4264
4273
4283
4286
4294
4298
4300
4304
4310
4326
4330
4331
4335
4342
4344
4347
4357
4363
4379
4383
4385
4385
4389
4411
4414
4431
4436
4445
4449
4450
4457
4463
4469
4482
4483
4495
4495
4504
4509
4525
4528
4533
4534
4545
4548
4574
4583
4590
4596
4600
4611
4621
4622
4638
4648
4650
4670
4682
4690
4691
4692
4731
4744
4755
4768
4778
4793
4798
4855
4864
4869
4870
4897
4962
4962
4970
4978
4981
5014
5031
5035
5037
5037
5044
5047
5055
5059
5060
5061
5064
5084
5090
5104
5107
5108
5114
5127
5142
5148
5170
5174
5216
5224
5264
5295
5298
5299
5300
5317
5347
5385
5386
5394
5396
5398
5432
5441
5450
5462
5465
5470
5472
5477
5478
5515
5520
5522
5525
5535
5548
5550
5557
5572
5575
5584
5587
5593
5598
5599
5617
5619
5645
5658
5671
5675
5683
5683
5692
5703
5712
5724
5732
5733
5734
5739
5740
5741
5745
5754
5763
5765
5774
5779
5793
5802
5814
5821
5829
5832
5836
5838
5840
5845
5847
5851
5854
5863
5899
5912
5918
5958
5981
5982
5997
6025
6042
6050
6051
6053
6054
6068
6074
6113
6116
6118
6129
6131
6136
6140
6143
6148
6169
6175
6180
6185
6211
6219
6225
6233
6239
6246
6261
6264
6273
6274
6282
6289
6311
6316
6326
6335
6346
6359
6362
6364
6376
6397
6408
6441
6460
6461
6461
6471
6491
6513
6520
6525
6532
6533
6556
6560
6565
6567
6568
6581
6600
6601
6605
6625
6630
6644
6651
6654
6663
6667
6685
6696
6697
6703
6709
6711
6758
6770
6774
6774
6777
6785
6794
6800
6812
6841
6842
6847
6863
6866
6868
6877
6882
6886
6889
6902
6913
6938
6941
6945
6959
6965
6966
6989
6993
6999
7020
7020
7022
7024
7044
7044
7052
7052
7060
7066
7076
7078
7091
7111
7115
7128
7129
7140
7147
7156
7166
7168
7211
7227
7248
7257
7258
7273
7276
7289
7294
7294
7301
7314
7326
7330
7341
7378
7378
7385
7415
7423
7430
7433
7436
7453
7466
7477
7483
7501
7513
7524
7555
7563
7576
7582
7606
7612
7649
7653
7658
7683
7683
7690
7700
7703
7703
7720
7749
7753
7755
7756
7767
7770
7781
7782
7794
7799
7800
7809
7825
7839
7841
7845
7847
7848
7850
7854
7857
7862
7868
7888
7899
7910
7918
7924
7926
7943
7945
7963
7970
7979
7980
7985
7988
7992
7997
7997
7999
8003
8032
8039
8057
8084
8088
8105
8115
8140
8149
8152
8155
8165
8173
8179
8181
8182
8184
8191
8200
8206
8217
8238
8252
8284
8304
8309
8309
8310
8327
8333
8336
8339
8343
8347
8374
8379
8397
8404
8406
8409
8410
8417
8426
8436
8450
8459
8479
8481
8493
8496
8496
8518
8527
8550
8559
8572
8612
8620
8621
8629
8642
8654
8657
8659
8668
8669
8680
8689
8703
8704
8711
8716
8723
8740
8744
8748
8753
8754
8763
8763
8764
8766
8769
8772
8780
8794
8810
8811
8813
8817
8820
8825
8826
8827
8835
8851
8856
8863
8872
8884
8897
8909
8913
8923
8960
8977
8980
8989
8993
9012
9035
9042
9057
9059
9061
9069
9079
9092
9093
9100
9105
9140
9143
9157
9176
9187
9190
9203
9227
9227
9232
9267
9275
9275
9281
9282
9317
9331
9334
9334
9348
9351
9360
9375
9376
9380
9382
9389
9413
9418
9420
9424
9429
9433
9461
9490
9492
9503
9521
9526
9553
9560
9575
9588
9593
9594
9595
9635
9635
9647
9651
9655
9659
9674
9682
9683
9687
9711
9712
9729
9740
9748
9755
9755
9758
9771
9776
9806
9808
9847
9858
9867
9876
9878
9880
9880
9886
9887
9894
9900
9912
9927
9959
9972
9999
10010
10029
10039
10044
10054
10058
10066
10069
10077
10101
10106
10108
10114
10125
10127
10129
10141
10152
10156
10161
10188
10204
10212
10213
10217
10217
10218
10221
10226
10232
10238
10244
10259
10270
10276
10291
10295
10308
10340
10364
10375
10383
10398
10402
10411
10454
10471
10475
10492
10513
10519
10556
10596
10597
10602
10610
10625
10667
10668
10703
10711
10714
10735
10751
10756
10769
10786
10797
10822
10834
10839
10845
10860
10864
10868
10869
10905
10915
10938
10943
10947
10957
11000
11000
11008
11029
11059
11069
11078
11119
11129
11141
11144
11148
11163
11180
11183
11183
11191
11205
11211
11222
11225
11228
11277
11290
11294
11297
11299
11299
11309
11311
11331
11345
11346
11362
11364
11376
11377
11388
11398
11401
11402
11431
11432
11437
11437
11446
11451
11491
11504
11507
11509
11525
11529
11531
11540
11543
11564
11567
11567
11576
11592
11601
11617
11624
11631
11632
11660
11661
11674
11687
11688
11696
11697
11712
11712
11726
11748
11751
11758
11759
11763
11764
11768
11769
11796
11796
11813
11816
11817
11820
11828
11829
11837
11842
11857
11864
11866
11870
11888
11908
11916
11920
11924
11928
11944
11958
11968
11981
11986
11987
12010
12015
12047
12052
12071
12078
12079
12080
12082
12083
12100
12104
12124
12130
12145
12150
12163
12175
12186
12190
12194
12219
12221
12225
12226
12229
12234
12244
12266
12302
12303
12305
12319
12320
12323
12334
12341
12351
12362
12372
12382
12384
12397
12399
12402
12415
12418
12427
12446
12446
12467
12481
12488
12489
12497
12499
12508
12522
12562
12571
12571
12573
12582
12585
12600
12604
12607
12626
12634
12637
12638
12652
12653
12654
12657
12674
12681
12684
12688
12700
12715
12762
12793
12805
12810
12814
12824
12832
12842
12844
12851
12880
12885
12892
12895
12905
12911
12922
12927
12956
12966
12985
12985
12986
12992
13041
13051
13052
13059
13077
13077
13112
13130
13151
13153
13161
13166
13167
13189
13215
13220
13221
13221
13223
13227
13245
13256
13282
13320
13327
13351
13353
13364
13377
13384
13392
13409
13425
13457
13473
13489
13506
13519
13526
13547
13548
13552
13554
13559
13565
13567
13579
13580
13582
13589
13593
13641
13659
13665
13710
13716
13716
13736
13736
13740
13741
13753
13755
13761
13771
13773
13773
13779
13788
13791
13815
13826
13839
13842
13857
13857
13862
13869
13881
13884
13886
13971
13979
13984
14013
14018
14049
14063
14065
14067
14089
14094
14106
14114
14153
14169
14169
14178
14195
14216
14237
14251
14276
14292
14361
14386
14401
14414
14416
14433
14441
14447
14467
14477
14489
14499
14510
14514
14520
14523
14524
14524
14533
14541
14546
14575
14582
14616
14630
14637
14639
14642
14646
14676
14689
14697
14720
14740
14770
14789
14799
14801
14804
14811
14845
14846
14864
14869
14897
14945
14956
14960
15003
15008
15010
15013
15014
15015
15020
15024
15026
15034
15035
15063
15078
15089
15097
15110
15117
15120
15131
15132
15147
15159
15168
15171
15173
15188
15194
15202
15237
15253
15258
15264
15269
15279
15280
15287
15288
15297
15302
15307
15323
15348
15353
15367
15368
15374
15375
15376
15394
15401
15404
15414
15414
15426
15429
15448
15449
15464
15481
15496
15500
15520
15522
15522
15525
15528
15541
15542
15569
15569
15573
15580
15584
15594
15601
15603
15618
15637
15638
15639
15648
15649
15653
15654
15662
15688
15703
15764
15778
15779
15786
15786
15789
15793
15814
15822
15844
15845
15846
15853
15853
15898
15903
15926
15931
15946
15957
15961
15966
15970
15980
15985
16018
16019
16048
16049
16051
16072
16090
16097
16099
16103
16108
16127
16129
16134
16135
16136
16136
16149
16164
16188
16205
16214
16224
16230
16232
16234
16238
16244
16247
16280
16295
16333
16376
16396
16407
16409
16432
16446
16457
16465
16471
16479
16511
16517
16518
16525
16528
16537
16575
16598
16610
16621
16629
16629
16631
16644
16691
16692
16734
16737
16756
16772
16773
16774
16784
16788
16799
16801
16808
16816
16817
16848
16865
16867
16874
16875
16880
16895
16900
16905
16907
16912
16919
16924
16926
16939
16944
16950
16969
16981
16983
16983
17012
17033
17047
17049
17098
17114
17127
17131
17155
17165
17169
17181
17185
17186
17190
17207
17216
17231
17231
17232
17239
17246
17248
17249
17256
17259
17260
17266
17277
17284
17286
17289
17290
17291
17292
17306
17336
17339
17344
17352
17362
17365
17383
17443
17450
17474
17475
17480
17488
17488
17495
17506
17529
17530
17576
17593
17605
17612
17622
17646
17680
17692
17693
17704
17704
17711
17713
17717
17723
17745
17747
17749
17775
17786
17788
17794
17829
17837
17869
17874
17880
17884
17892
17904
17904
17910
17912
17912
17915
17920
17941
17943
17950
17955
17967
17979
17985
18005
18012
18018
18019
18022
18045
18054
18056
18058
18075
18079
18080
18082
18088
18091
18103
18107
18110
18113
18132
18135
18151
18167
18184
18197
18212
18214
18216
18235
18253
18270
18270
18273
18281
18287
18295
18297
18302
18320
18347
18363
18365
18365
18371
18377
18387
18414
18430
18452
18468
18474
18481
18490
18497
18501
18513
18518
18524
18527
18531
18538
18541
18542
18555
18557
18575
18586
18590
18620
18630
18634
18639
18662
18662
18662
18707
18708
18710
18714
18724
18740
18746
18764
18765
18766
18784
18790
18794
18797
18812
18825
18827
18830
18830
18831
18834
18858
18867
18878
18879
18880
18890
18891
18898
18909
18932
18936
18949
18949
18952
18959
18962
19003
19003
19006
19009
19014
19021
19027
19058
19062
19066
19076
19084
19092
19096
19100
19106
19108
19111
19130
19131
19132
19144
19156
19175
19177
19186
19187
19191
19195
19214
19230
19242
19244
19248
19259
19262
19278
19280
19291
19293
19296
19298
19324
19348
19369
19385
19392
19404
19406
19420
19421
19426
19431
19440
19452
19455
19468
19473
19484
19501
19511
19516
19537
19577
19584
19588
19594
19606
19616
19625
19628
19629
19630
19635
19639
19659
19663
19675
19688
19704
19707
19715
19718
19726
19731
19733
19736
19738
19759
19760
19768
19786
19787
19788
19796
19805
19815
19819
19827
19830
19837
19840
19876
19884
19891
19899
19908
19916
19929
19959
19970
19970
19971
20000
20001
20031
20032
20034
20039
20040
20040
20052
20083
20085
20088
20110
20117
20122
20134
20136
20153
20156
20158
20172
20181
20212
20252
20272
20277
20285
20299
20303
20309
20310
20317
20338
20339
20352
20355
20358
20383
20396
20434
20438
20452
20453
20456
20459
20461
20480
20490
20509
20514
20531
20535
20565
20577
20577
20581
20588
20604
20617
20641
20650
20675
20705
20728
20731
20739
20745
20745
20749
20758
20760
20769
20776
20792
20799
20815
20819
20823
20833
20869
20870
20877
20893
20903
20906
20917
20918
20940
20951
20958
20958
20960
20961
20983
20996
21004
21014
21041
21047
21052
21055
21062
21062
21110
21110
21113
21114
21117
21122
21125
21126
21174
21180
21184
21186
21235
21243
21250
21261
21266
21271
21273
21277
21285
21293
21302
21305
21311
21315
21323
21332
21339
21340
21341
21359
21372
21380
21382
21422
21444
21465
21478
21489
21491
21528
21544
21547
21567
21571
21577
21590
21597
21603
21611
21614
21639
21653
21663
21687
21689
21692
21703
21706
21719
21731
21745
21760
21766
21772
21780
21781
21814
21835
21863
21865
21866
21866
21867
21872
21885
21898
21904
21906
21918
21950
21956
21977
21988
21998
22000
22028
22033
22070
22077
22086
22090
22100
22125
22149
22160
22168
22184
22185
22186
22194
22220
22221
22276
22285
22286
22294
22311
22314
22337
22337
22343
22345
22349
22352
22370
22381
22383
22392
22393
22394
22396
22401
22432
22458
22467
22469
22478
22480
22492
22495
22496
22504
22504
22506
22513
22518
22537
22539
22552
22552
22563
22575
22582
22631
22637
22645
22656
22660
22670
22673
22683
22704
22708
22708
22727
22728
22728
22763
22773
22787
22802
22813
22824
22826
22836
22836
22837
22848
22859
22861
22887
22889
22909
22921
22929
22933
22955
22959
23011
23035
23049
23081
23098
23105
23133
23144
23147
23183
23188
23197
23201
23214
23222
23262
23264
23270
23271
23274
23292
23305
23328
23351
23365
23385
23388
23394
23398
23398
23418
23451
23460
23468
23472
23480
23492
23497
23502
23521
23528
23555
23556
23559
23561
23563
23564
23567
23589
23599
23608
23609
23627
23636
23646
23659
23670
23687
23687
23701
23704
23705
23718
23721
23722
23723
23731
23732
23733
23773
23789
23792
23793
23811
23812
23820
23847
23847
23855
23859
23866
23883
23905
23921
23927
23928
23931
23945
23964
23982
23996
24019
24024
24028
24060
24076
24081
24082
24097
24102
24105
24109
24117
24126
24147
24159
24159
24172
24189
24198
24201
24214
24218
24222
24224
24227
24236
24240
24252
24255
24261
24275
24284
24293
24309
24345
24346
24346
24357
24369
24372
24381
24393
24395
24415
24438
24442
24451
24453
24461
24480
24481
24506
24510
24510
24514
24518
24527
24533
24547
24553
24564
24575
24590
24595
24597
24602
24606
24614
24646
24647
24675
24680
24687
24694
24696
24698
24701
24715
24725
24726
24728
24755
24759
24779
24782
24784
24792
24805
24809
24815
24826
24834
24835
24841
24872
24877
24901
24907
24907
24916
24917
24923
24926
24929
24937
24939
24944
24951
24953
24953
24960
24964
24967
24970
24979
24988
24989
25000
25001
25002
25007
25079
25094
25115
25121
25145
25145
25154
25156
25161
25178
25179
25190
25191
25197
25222
25222
25230
25252
25256
25256
25258
25286
25289
25319
25322
25322
25326
25338
25346
25355
25368
25370
25376
25377
25398
25399
25399
25406
25462
25467
25469
25504
25513
25522
25529
25578
25589
25604
25611
25633
25635
25665
25665
25672
25714
25723
25724
25726
25731
25745
25749
25752
25759
25770
25795
25810
25825
25826
25831
25837
25869
25877
25886
25894
25899
25901
25920
25921
25927
25944
25949
25951
25984
26000
26009
26012
26020
26020
26026
26031
26063
26064
26079
26098
26099
26109
26109
26119
26127
26127
26145
26151
26158
26174
26174
26174
26175
26176
26183
26196
26198
26217
26218
26220
26224
26225
26254
26254
26258
26266
26269
26275
26275
26279
26283
26329
26330
26383
26384
26408
26419
26423
26452
26453
26454
26464
26476
26477
26489
26507
26512
26516
26521
26547
26556
26590
26590
26600
26629
26634
26636
26649
26655
26676
26677
26685
26719
26721
26724
26748
26763
26767
26769
26781
26781
26784
26788
26800
26802
26828
26832
26850
26851
26863
26882
26892
26904
26914
26915
26928
26933
26944
26951
26954
26959
26969
26976
26989
26997
27001
27018
27027
27042
27047
27073
27084
27090
27102
27116
27129
27145
27156
27163
27185
27215
27222
27229
27231
27248
27294
27299
27307
27320
27321
27321
27331
27347
27365
27377
27378
27388
27393
27399
27410
27413
27415
27416
27425
27429
27472
27474
27503
27504
27508
27509
27528
27535
27545
27549
27553
27553
27559
27570
27577
27599
27618
27632
27648
27652
27655
27666
27677
27677
27682
27683
27719
27719
27721
27726
27748
27754
27778
27784
27804
27833
27833
27836
27843
27848
27869
27874
27890
27895
27900
27904
27913
27936
27937
27938
27942
27950
27962
27972
27984
27985
28001
28009
28023
28029
28040
28050
28052
28088
28095
28101
28112
28112
28127
28153
28157
28161
28164
28170
28179
28194
28210
28243
28254
28262
28276
28287
28288
28300
28315
28321
28323
28342
28344
28344
28348
28348
28377
28408
28414
28430
28430
28441
28442
28447
28452
28454
28460
28472
28477
28484
28510
28513
28522
28532
28533
28549
28556
28557
28565
28572
28579
28584
28588
28600
28629
28634
28637
28640
28650
28656
28661
28662
28667
28702
28702
28708
28712
28744
28745
28754
28756
28795
28796
28797
28802
28819
28824
28864
28866
28884
28888
28890
28894
28894
28907
28924
28926
28932
28945
28946
28950
28951
28956
28961
28974
28992
28996
29009
29011
29052
29076
29083
29084
29095
29101
29112
29117
29153
29158
29165
29175
29186
29198
29219
29220
29240
29242
29253
29254
29258
29296
29301
29302
29304
29325
29332
29353
29353
29353
29362
29374
29374
29382
29392
29396
29403
29410
29412
29422
29437
29440
29458
29459
29498
29499
29506
29527
29539
29539
29550
29559
29560
29578
29580
29594
29600
29617
29632
29635
29665
29677
29679
29679
29689
29717
29732
29755
29761
29773
29802
29803
29804
29807
29818
29837
29841
29853
29861
29864
29873
29880
29886
29900
29910
29916
29939
29946
29955
29965
29966
29972
29980
29984
30031
30033
30061
30062
30084
30114
30118
30130
30162
30177
30183
30196
30208
30216
30229
30278
30282
30285
30293
30297
30300
30308
30318
30324
30333
30339
30357
30368
30371
30433
30434
30442
30455
30458
30464
30467
30478
30480
30483
30490
30504
30510
30514
30514
30515
30519
30525
30525
30559
30560
30571
30573
30582
30586
30610
30635
30635
30642
30642
30643
30661
30672
30673
30688
30698
30704
30722
30729
30736
30744
30757
30762
30762
30768
30774
30778
30789
30801
30806
30807
30820
30826
30829
30855
30863
30874
30890
30896
30900
30938
30968
30974
30979
30983
30987
31012
31013
31013
31016
31049
31053
31070
31070
31080
31105
31120
31124
31138
31162
31182
31200
31207
31218
31221
31228
31248
31249
31253
31253
31257
31276
31338
31342
31360
31383
31396
31406
31420
31426
31448
31457
31461
31473
31545
31547
31551
31552
31576
31578
31597
31598
31598
31602
31611
31616
31623
31627
31637
31643
31669
31671
31672
31680
31688
31689
31726
31747
31756
31762
31763
31765
31766
31770
31783
31790
31793
31794
31805
31808
31810
31818
31842
31848
31853
31863
31876
31887
31898
31902
31909
31919
31921
31924
31949
31949
31978
31980
31991
31991
31996
32001
32004
32004
32025
32025
32027
32039
32041
32042
32058
32058
32062
32072
32077
32084
32086
32087
32088
32090
32091
32092
32112
32131
32137
32139
32157
32161
32162
32178
32197
32206
32224
32234
32236
32250
32255
32257
32262
32309
32319
32331
32334
32353
32354
32355
32368
32370
32370
32372
32374
32383
32386
32394
32411
32444
32448
32460
32460
32466
32513
32553
32566
32592
32595
32596
32610
32614
32618
32628
32659
32660
32674
32688
32698
32703
32707
32716
32730
32731
32768
32768
32787
32791
32795
32799
32802
32809
32820
32833
32858
32865
32871
32906
32928
32931
32938
32949
32950
32975
32991
32997
33002
33004
33009
33022
33049
33053
33064
33064
33082
33088
33103
33117
33126
33141
33150
33154
33172
33183
33199
33208
33211
33222
33227
33232
33232
33247
33263
33269
33290
33315
33322
33330
33341
33346
33348
33349
33355
33365
33365
33366
33366
33369
33375
33407
33408
33409
33422
33425
33427
33431
33434
33440
33457
33464
33467
33475
33480
33483
33484
33499
33518
33528
33539
33551
33573
33579
33603
33620
33626
33631
33643
33653
33663
33671
33684
33691
33699
33705
33719
33726
33733
33746
33748
33759
33787
33790
33793
33799
33804
33808
33813
33831
33836
33846
33851
33851
33861
33873
33879
33885
33892
33911
33914
33950
33952
33958
33989
33994
33995
34002
34003
34005
34006
34030
34081
34081
34085
34092
34102
34121
34125
34133
34138
34149
34154
34170
34172
34182
34189
34192
34196
34222
34226
34232
34252
34254
34263
34292
34302
34304
34309
34314
34321
34325
34330
34334
34337
34338
34342
34343
34354
34355
34359
34375
34385
34391
34412
34422
34424
34439
34446
34449
34458
34491
34497
34499
34503
34506
34516
34532
34553
34558
34583
34609
34626
34632
34634
34651
34651
34663
34664
34664
34672
34674
34689
34693
34725
34738
34740
34740
34744
34770
34786
34789
34802
34812
34817
34840
34845
34860
34880
34883
34885
34902
34919
34930
34934
34938
34939
34945
34948
34967
34970
34978
34986
34988
34997
34998
35000
35005
35039
35042
35047
35047
35064
35068
35074
35086
35088
35114
35145
35148
35154
35155
35163
35167
35172
35178
35203
35206
35215
35224
35252
35253
35261
35264
35276
35313
35321
35325
35344
35351
35362
35368
35379
35382
35389
35391
35437
35447
35454
35470
35470
35494
35499
35514
35528
35547
35558
35576
35587
35588
35604
35605
35606
35617
35632
35635
35650
35650
35653
35666
35683
35691
35691
35699
35708
35708
35709
35712
35716
35733
35741
35766
35779
35785
35792
35792
35851
35865
35867
35890
35891
35893
35918
35925
35940
35963
35967
35967
35971
35974
35981
35989
36004
36033
36052
36104
36107
36108
36129
36140
36148
36160
36173
36182
36184
36216
36219
36220
36224
36226
36227
36246
36262
36297
36298
36302
36302
36324
36338
36357
36358
36367
36371
36379
36380
36389
36399
36411
36413
36415
36434
36438
36442
36456
36460
36462
36471
36474
36509
36520
36530
36531
36545
36564
36564
36565
36578
36580
36603
36618
36621
36637
36649
36652
36683
36690
36693
36701
36718
36770
36780
36786
36805
36892
36911
36916
36919
36921
36935
36938
36939
36951
36956
36965
36974
36977
37005
37011
37062
37072
37073
37083
37089
37103
37113
37117
37119
37120
37129
37160
37166
37172
37179
37195
37201
37220
37223
37253
37254
37277
37277
37284
37294
37307
37319
37321
37329
37330
37330
37339
37343
37372
37374
37375
37377
37379
37396
37398
37403
37408
37416
37418
37422
37428
37428
37429
37432
37433
37435
37440
37452
37453
37458
37466
37477
37479
37484
37494
37504
37508
37535
37554
37555
37557
37565
37572
37597
37600
37606
37610
37613
37617
37637
37666
37669
37700
37700
37732
37732
37750
37784
37801
37830
37833
37854
37865
37868
37885
37902
37945
37949
37965
37970
37973
37982
38006
38011
38019
38022
38022
38029
38043
38056
38089
38089
38090
38110
38111
38146
38153
38154
38205
38228
38230
38240
38240
38247
38251
38262
38281
38292
38296
38298
38304
38313
38315
38318
38344
38344
38350
38353
38362
38367
38376
38376
38391
38392
38395
38413
38439
38440
38443
38464
38468
38470
38472
38483
38504
38516
38521
38530
38566
38568
38576
38577
38585
38590
38605
38628
38641
38650
38653
38658
38662
38662
38666
38672
38674
38695
38727
38728
38743
38745
38757
38786
38803
38821
38824
38830
38831
38843
38856
38862
38863
38879
38895
38901
38906
38913
38914
38920
38928
38934
38971
38976
38980
38989
38992
39004
39027
39075
39076
39082
39084
39110
39111
39111
39133
39137
39155
39157
39164
39166
39173
39174
39180
39208
39246
39292
39308
39311
39313
39332
39344
39345
39353
39379
39382
39385
39390
39394
39396
39408
39428
39436
39440
39443
39462
39486
39494
39506
39534
39537
39562
39563
39576
39578
39617
39638
39639
39649
39659
39664
39673
39694
39696
39697
39700
39706
39717
39731
39741
39752
39754
39757
39759
39780
39784
39785
39805
39827
39835
39863
39871
39885
39896
39905
39979
39993
39996
40009
40018
40028
40044
40052
40063
40066
40072
40095
40096
40109
40117
40131
40147
40151
40152
40166
40170
40217
40245
40246
40247
40256
40257
40261
40262
40265
40271
40277
40280
40303
40329
40341
40344
40355
40368
40373
40379
40402
40426
40437
40443
40457
40480
40503
40508
40508
40509
40512
40530
40533
40535
40536
40540
40556
40573
40574
40576
40585
40595
40596
40605
40607
40629
40635
40664
40669
40728
40769
40774
40775
40776
40779
40787
40791
40793
40810
40831
40834
40840
40846
40872
40899
40909
40909
40910
40922
40930
40931
40933
40960
40963
40965
40968
40971
41003
41004
41011
41012
41033
41037
41043
41045
41052
41055
41079
41090
41102
41150
41154
41157
41163
41190
41203
41203
41213
41237
41239
41250
41251
41262
41273
41288
41307
41311
41338
41355
41365
41373
41378
41388
41398
41398
41398
41404
41415
41416
41440
41451
41455
41464
41482
41489
41491
41499
41502
41509
41509
41515
41519
41523
41527
41538
41567
41578
41613
41622
41636
41639
41642
41651
41656
41674
41677
41681
41696
41701
41702
41726
41740
41745
41745
41756
41793
41794
41801
41813
41815
41824
41826
41829
41849
41850
41851
41860
41872
41876
41890
41896
41904
41909
41910
41917
41919
41933
41950
41963
41964
41974
41996
42006
42012
42019
42043
42045
42049
42082
42082
42123
42128
42135
42140
42143
42158
42176
42194
42200
42220
42227
42234
42237
42240
42246
42251
42266
42289
42290
42325
42400
42400
42400
42401
42419
42425
42456
42511
42519
42520
42532
42533
42533
42534
42548
42548
42553
42569
42576
42600
42619
42630
42634
42637
42662
42663
42676
42696
42702
42703
42710
42712
42712
42716
42736
42736
42736
42739
42743
42759
42764
42770
42772
42774
42791
42810
42816
42821
42828
42830
42846
42867
42891
42895
42900
42907
42913
42915
42925
42935
42949
42984
42984
42984
42996
43032
43065
43069
43075
43075
43079
43093
43093
43099
43101
43106
43106
43139
43139
43141
43143
43171
43174
43174
43190
43194
43196
43208
43236
43241
43248
43265
43275
43303
43308
43312
43313
43319
43338
43351
43374
43376
43380
43386
43409
43418
43419
43429
43467
43473
43478
43488
43502
43519
43526
43545
43564
43580
43587
43587
43594
43594
43601
43638
43649
43652
43654
43669
43671
43675
43692
43714
43726
43727
43728
43745
43758
43764
43765
43774
43796
43799
43801
43805
43820
43835
43857
43869
43895
43912
43928
43968
43984
44001
44010
44012
44032
44037
44041
44047
44058
44062
44071
44080
44082
44083
44094
44123
44136
44142
44151
44153
44174
44179
44180
44190
44198
44198
44216
44219
44221
44227
44227
44231
44235
44237
44238
44259
44273
44275
44278
44291
44301
44304
44340
44359
44359
44377
44387
44393
44397
44411
44423
44437
44442
44446
44446
44447
44477
44486
44490
44491
44518
44518
44523
44534
44536
44538
44554
44555
44573
44574
44575
44576
44596
44600
44603
44617
44618
44625
44626
44640
44643
44651
44655
44671
44680
44682
44692
44698
44700
44710
44719
44743
44748
44752
44753
44753
44789
44794
44796
44802
44803
44829
44834
44846
44853
44862
44868
44870
44886
44896
44937
44939
44950
44956
44972
44975
44991
44998
45006
45024
45032
45047
45062
45065
45092
45097
45135
45137
45138
45152
45169
45179
45192
45193
45202
45208
45212
45222
45224
45226
45229
45246
45248
45266
45289
45296
45304
45305
45305
45317
45318
45364
45373
45383
45404
45410
45412
45421
45441
45449
45456
45462
45491
45513
45514
45535
45538
45570
45600
45603
45624
45627
45633
45646
45659
45662
45669
45673
45696
45714
45714
45716
45720
45723
45744
45770
45803
45809
45811
45822
45823
45830
45860
45861
45883
45896
45902
45933
45959
45981
45990
45999
46014
46019
46020
46021
46024
46028
46029
46032
46032
46035
46055
46059
46063
46071
46074
46074
46084
46085
46122
46131
46132
46136
46141
46149
46153
46170
46183
46187
46189
46189
46202
46229
46237
46239
46250
46257
46263
46272
46281
46285
46314
46317
46332
46334
46348
46357
46358
46359
46381
46388
46416
46416
46419
46438
46489
46500
46501
46514
46519
46523
46535
46546
46559
46562
46570
46582
46582
46595
46596
46615
46621
46623
46641
46652
46656
46671
46678
46692
46707
46720
46723
46744
46750
46755
46767
46772
46773
46805
46812
46818
46819
46821
46825
46830
46836
46838
46840
46844
46848
46857
46887
46898
46903
46920
46925
46937
46948
46950
46961
46971
46973
46988
46989
46995
47031
47033
47058
47060
47066
47074
47075
47090
47095
47097
47110
47111
47116
47125
47140
47148
47153
47155
47158
47165
47187
47215
47233
47242
47259
47263
47282
47314
47325
47328
47330
47332
47347
47347
47363
47376
47414
47423
47442
47446
47475
47500
47505
47515
47529
47531
47537
47538
47544
47553
47554
47560
47587
47593
47633
47644
47649
47662
47664
47693
47699
47717
47722
47733
47736
47736
47747
47751
47762
47771
47782
47783
47788
47790
47803
47803
47833
47839
47854
47861
47867
47880
47890
47900
47908
47909
47909
47913
47924
47932
47935
47937
47938
47945
47955
47956
47960
47974
47978
47989
47994
47999
48001
48003
48006
48014
48056
48058
48058
48083
48097
48097
48097
48147
48160
48166
48166
48178
48178
48178
48201
48262
48269
48291
48298
48315
48325
48358
48361
48369
48381
48397
48399
48413
48420
48447
48448
48453
48457
48486
48491
48501
48501
48505
48542
48549
48584
48593
48601
48609
48627
48633
48640
48650
48670
48685
48696
48699
48707
48720
48720
48731
48734
48749
48756
48758
48761
48770
48777
48779
48789
48792
48814
48818
48824
48827
48832
48861
48863
48868
48885
48898
48904
48910
48915
48919
48921
48936
48943
48945
48954
48961
48961
48963
48992
49007
49017
49025
49027
49032
49050
49054
49059
49061
49062
49086
49094
49097
49100
49113
49114
49119
49124
49126
49144
49147
49165
49170
49171
49182
49185
49196
49199
49201
49210
49224
49228
49230
49262
49264
49272
49292
49309
49316
49320
49320
49321
49333
49360
49364
49370
49379
49382
49413
49418
49437
49449
49450
49465
49468
49522
49550
49558
49584
49587
49593
49594
49600
49607
49618
49651
49652
49654
49657
49691
49702
49730
49733
49733
49783
49792
49808
49810
49820
49833
49834
49838
49841
49854
49855
49862
49874
49877
49886
49888
49908
49920
49921
49921
49926
49941
49952
49982
49982
49993
49995
50007
50009
50014
50019
50048
50065
50073
50093
50099
50104
50110
50122
50124
50126
50131
50167
50171
50177
50189
50200
50201
50208
50208
50222
50223
50240
50256
50257
50261
50267
50267
50270
50277
50288
50296
50312
50337
50361
50366
50376
50391
50406
50421
50424
50437
50439
50455
50481
50491
50495
50509
50519
50530
50538
50541
50548
50550
50555
50564
50598
50600
50621
50623
50624
50652
50661
50664
50666
50670
50670
50673
50681
50701
50715
50721
50739
50742
50746
50751
50765
50787
50794
50796
50815
50833
50837
50837
50841
50866
50872
50874
50876
50898
50904
50907
50908
50910
50913
50914
50962
50969
50983
51000
51004
51010
51011
51014
51021
51022
51052
51060
51061
51070
51076
51087
51088
51089
51091
51097
51097
51106
51108
51109
51112
51121
51126
51139
51140
51156
51165
51169
51173
51174
51180
51184
51193
51206
51221
51223
51223
51236
51245
51245
51248
51262
51270
51286
51306
51327
51346
51369
51372
51376
51402
51408
51410
51421
51431
51465
51473
51539
51541
51565
51575
51592
51592
51600
51611
51615
51617
51618
51619
51632
51642
51644
51657
51661
51668
51690
51693
51724
51742
51749
51763
51777
51782
51786
51806
51812
51827
51831
51853
51866
51874
51884
51888
51900
51901
51906
51910
51919
51922
51922
51929
51929
51933
51942
51946
51963
51964
51968
51970
51992
52023
52025
52040
52060
52068
52082
52107
52112
52116
52122
52124
52128
52134
52143
52154
52154
52162
52175
52208
52214
52218
52253
52255
52263
52275
52279
52288
52288
52293
52311
52313
52340
52363
52369
52379
52381
52395
52405
52414
52416
52442
52464
52491
52510
52511
52530
52532
52546
52548
52556
52560
52582
52585
52593
52610
52643
52650
52671
52692
52694
52712
52713
52721
52748
52748
52750
52760
52762
52775
52779
52783
52795
52806
52830
52853
52865
52868
52869
52882
52910
52919
52932
52934
52940
52947
52953
52957
52960
52970
52972
52973
52974
52977
53009
53017
53031
53038
53048
53077
53079
53086
53088
53111
53141
53144
53155
53169
53174
53174
53213
53214
53231
53232
53248
53283
53300
53320
53334
53339
53347
53357
53358
53362
53365
53374
53377
53381
53411
53417
53435
53439
53448
53448
53459
53460
53471
53474
53494
53508
53523
53536
53536
53544
53549
53558
53574
53600
53638
53665
53696
53709
53714
53768
53769
53770
53791
53796
53811
53818
53825
53827
53855
53860
53861
53878
53881
53890
53891
53908
53918
53924
53934
53959
53960
53961
53964
53982
53985
54020
54021
54034
54049
54051
54062
54067
54080
54096
54101
54109
54109
54125
54126
54130
54136
54139
54156
54167
54177
54197
54204
54207
54213
54213
54237
54245
54247
54252
54253
54284
54290
54292
54311
54313
54318
54325
54332
54341
54348
54355
54366
54367
54378
54380
54408
54423
54476
54491
54492
54510
54519
54525
54545
54584
54595
54595
54615
54642
54688
54697
54704
54718
54723
54759
54773
54796
54808
54815
54819
54821
54830
54836
54838
54845
54849
54852
54856
54858
54873
54881
54899
54905
54906
54912
54916
54919
54928
54946
54947
54949
54964
54975
54988
54991
54994
54994
55020
55030
55033
55033
55036
55096
55101
55114
55115
55116
55118
55121
55144
55149
55151
55157
55171
55173
55173
55174
55181
55183
55197
55211
55214
55227
55227
55232
55260
55260
55262
55264
55266
55271
55293
55301
55302
55309
55317
55319
55324
55327
55327
55331
55333
55351
55352
55353
55377
55393
55419
55425
55432
55435
55438
55447
55448
55484
55503
55507
55525
55541
55555
55581
55583
55598
55605
55613
55617
55619
55623
55629
55642
55645
55647
55656
55658
55667
55674
55675
55681
55694
55703
55707
55722
55723
55726
55737
55740
55742
55742
55753
55764
55771
55776
55777
55788
55791
55798
55798
55805
55812
55813
55814
55822
55865
55869
55882
55897
55922
55930
55933
55936
55937
55951
55969
55976
55977
55988
55995
56005
56009
56009
56020
56033
56035
56094
56118
56122
56128
56134
56139
56142
56142
56170
56210
56229
56233
56237
56250
56254
56256
56259
56260
56270
56281
56298
56304
56311
56323
56330
56334
56336
56357
56361
56380
56392
56399
56407
56415
56420
56423
56444
56461
56467
56496
56505
56509
56511
56512
56513
56518
56528
56532
56552
56555
56575
56587
56591
56603
56625
56633
56645
56657
56665
56675
56695
56700
56707
56708
56736
56750
56754
56786
56789
56811
56820
56829
56858
56866
56867
56877
56878
56881
56883
56896
56898
56902
56909
56913
56925
56951
56956
56990
56993
56993
56995
57012
57014
57018
57024
57027
57031
57056
57064
57080
57089
57112
57118
57129
57144
57147
57151
57153
57191
57200
57201
57205
57206
57210
57243
57244
57246
57255
57257
57272
57289
57293
57304
57311
57312
57320
57329
57329
57340
57376
57388
57395
57398
57398
57407
57442
57446
57496
57515
57517
57528
57529
57532
57542
57551
57552
57558
57569
57569
57600
57602
57602
57620
57632
57637
57649
57661
57678
57682
57685
57699
57703
57711
57731
57732
57740
57749
57762
57773
57777
57795
57805
57818
57879
57902
57908
57925
57936
57943
57949
57959
57971
57982
57984
58001
58009
58018
58021
58026
58036
58041
58058
58062
58063
58065
58070
58076
58078
58080
58082
58089
58098
58098
58101
58103
58104
58108
58108
58113
58144
58164
58166
58171
58184
58224
58235
58237
58242
58248
58261
58272
58272
58280
58319
58320
58371
58389
58404
58413
58426
58426
58437
58441
58444
58469
58473
58480
58485
58492
58505
58523
58524
58525
58528
58547
58563
58573
58582
58583
58588
58590
58605
58607
58617
58624
58634
58639
58654
58674
58680
58685
58690
58707
58749
58766
58766
58783
58807
58808
58813
58836
58839
58843
58890
58901
58907
58918
58920
58923
58928
58949
58954
58967
58975
58975
58980
58986
58988
58994
58994
59028
59054
59054
59054
59057
59060
59075
59078
59082
59089
59124
59140
59146
59158
59158
59161
59162
59164
59186
59189
59207
59214
59216
59220
59222
59231
59256
59258
59267
59272
59272
59274
59282
59284
59312
59323
59324
59329
59330
59340
59346
59375
59404
59431
59436
59441
59451
59458
59466
59471
59476
59492
59520
59537
59543
59574
59601
59610
59631
59646
59649
59653
59658
59669
59672
59697
59711
59717
59718
59735
59748
59755
59779
59792
59801
59821
59828
59835
59839
59874
59879
59911
59921
59926
59927
59929
59933
59935
59940
59966
59966
59999
60004
60005
60011
60048
60052
60063
60067
60092
60094
60105
60111
60117
60128
60133
60134
60152
60154
60158
60195
60199
60210
60226
60228
60239
60240
60253
60298
60332
60368
60381
60386
60392
60406
60412
60439
60441
60451
60455
60459
60470
60483
60510
60514
60514
60523
60532
60537
60546
60566
60573
60580
60584
60585
60598
60598
60599
60629
60650
60677
60687
60706
60719
60729
60729
60730
60730
60756
60759
60774
60791
60806
60811
60814
60834
60837
60843
60851
60855
60863
60887
60887
60903
60927
60949
60949
60958
60966
60970
60970
60987
60990
60997
61006
61009
61030
61037
61057
61057
61077
61080
61080
61085
61095
61101
61107
61112
61118
61129
61144
61159
61171
61181
61184
61189
61191
61199
61204
61230
61232
61248
61250
61256
61258
61265
61283
61294
61316
61326
61335
61344
61405
61408
61434
61450
61493
61496
61499
61506
61515
61518
61532
61536
61548
61558
61559
61561
61580
61584
61588
61595
61601
61602
61607
61621
61661
61694
61701
61702
61715
61723
61728
61731
61732
61745
61751
61757
61769
61778
61817
61826
61830
61833
61835
61859
61865
61894
61896
61908
61922
61973
61979
61984
61987
62001
62041
62056
62064
62070
62076
62080
62088
62089
62092
62102
62122
62149
62178
62187
62193
62278
62285
62290
62296
62321
62332
62338
62341
62356
62377
62380
62389
62400
62432
62441
62450
62470
62472
62476
62477
62492
62511
62523
62529
62538
62547
62547
62559
62569
62578
62592
62599
62605
62625
62629
62654
62660
62665
62673
62696
62710
62723
62730
62738
62748
62770
62805
62811
62825
62827
62828
62840
62856
62867
62884
62890
62899
62906
62921
62923
62927
62930
62937
62938
62951
62957
62961
62986
62992
62996
63023
63038
63059
63068
63078
63090
63093
63116
63125
63132
63133
63143
63162
63172
63174
63189
63202
63205
63208
63214
63217
63245
63257
63266
63282
63298
63320
63335
63342
63348
63360
63371
63378
63383
63398
63399
63403
63411
63415
63419
63429
63439
63445
63447
63447
63451
63509
63520
63527
63530
63561
63574
63575
63575
63590
63605
63631
63644
63645
63657
63664
63676
63699
63701
63714
63754
63760
63764
63781
63784
63785
63790
63797
63797
63799
63804
63823
63826
63829
63833
63845
63854
63856
63879
63901
63907
63919
63921
63923
63929
63939
63940
63978
63988
64003
64006
64007
64008
64011
64083
64084
64085
64090
64091
64096
64100
64100
64119
64128
64131
64158
64159
64173
64177
64188
64191
64192
64196
64205
64214
64234
64264
64269
64269
64271
64281
64287
64298
64317
64319
64355
64374
64386
64402
64406
64412
64420
64421
64433
64437
64440
64449
64491
64492
64528
64532
64547
64549
64555
64563
64583
64595
64612
64620
64622
64644
64646
64690
64692
64695
64704
64720
64724
64726
64782
64789
64791
64792
64807
64819
64833
64837
64841
64860
64861
64872
64887
64889
64908
64914
64934
64941
64941
64944
64955
64966
65004
65012
65025
65026
65026
65027
65038
65048
65055
65056
65072
65079
65080
65096
65114
65117
65126
65130
65133
65136
65166
65170
65172
65182
65191
65214
65222
65249
65256
65262
65262
65274
65287
65290
65291
65293
65303
65324
65363
65363
65365
65378
65383
65392
65403
65406
65410
65481
65490
65512
65515
65520
65521
65552
65555
65557
65564
65599
65638
65648
65660
65668
65675
65697
65703
65739
65745
65757
65761
65784
65787
65797
65805
65814
65815
65834
65837
65850
65851
65893
65905
65909
65920
65923
65925
65933
65957
65982
66006
66006
66012
66013
66027
66036
66049
66061
66067
66072
66101
66120
66125
66145
66150
66163
66163
66164
66166
66168
66170
66177
66211
66214
66225
66235
66249
66253
66255
66257
66275
66282
66285
66317
66354
66376
66378
66380
66424
66442
66444
66450
66450
66460
66469
66478
66479
66493
66495
66504
66504
66514
66528
66529
66536
66558
66560
66562
66562
66571
66602
66603
66613
66625
66627
66630
66632
66642
66648
66684
66701
66705
66743
66750
66762
66763
66769
66779
66781
66793
66799
66808
66815
66835
66840
66842
66862
66864
66865
66890
66893
66904
66910
66912
66935
66948
66962
66968
66978
66985
66986
66989
66994
66997
66998
67007
67008
67021
67034
67066
67073
67074
67077
67089
67093
67098
67109
67114
67132
67140
67152
67162
67165
67168
67193
67209
67230
67240
67283
67286
67292
67294
67322
67327
67331
67335
67342
67375
67380
67389
67414
67421
67429
67435
67438
67463
67473
67504
67521
67533
67533
67565
67571
67580
67584
67587
67592
67612
67631
67644
67659
67666
67684
67696
67712
67717
67723
67738
67743
67745
67748
67753
67776
67782
67791
67802
67812
67826
67827
67834
67844
67851
67865
67868
67875
67878
67913
67913
67921
67933
67943
67944
67956
67979
67981
67992
68006
68007
68014
68028
68028
68031
68046
68052
68061
68067
68075
68086
68110
68117
68132
68150
68195
68205
68227
68263
68288
68296
68301
68305
68310
68320
68375
68379
68386
68446
68454
68463
68475
68488
68512
68524
68536
68546
68561
68565
68568
68568
68578
68594
68617
68619
68629
68632
68644
68659
68660
68674
68679
68680
68685
68691
68693
68716
68723
68732
68734
68755
68755
68757
68762
68763
68796
68799
68799
68800
68805
68820
68820
68822
68834
68839
68840
68843
68845
68849
68853
68877
68896
68898
68903
68909
68921
68922
68923
68933
68941
68943
68946
68950
68954
68969
68975
68979
68987
69005
69007
69017
69020
69030
69042
69044
69052
69067
69100
69119
69121
69133
69144
69150
69152
69167
69173
69173
69201
69205
69208
69209
69233
69238
69267
69293
69297
69301
69301
69306
69307
69311
69318
69318
69327
69328
69331
69338
69341
69345
69360
69366
69368
69389
69401
69405
69412
69421
69435
69439
69469
69472
69482
69498
69510
69510
69517
69521
69529
69532
69536
69542
69543
69548
69553
69575
69602
69609
69617
69630
69634
69636
69659
69673
69680
69684
69693
69694
69696
69736
69767
69771
69771
69776
69776
69786
69811
69816
69818
69823
69825
69827
69829
69836
69844
69845
69846
69859
69869
69871
69872
69894
69897
69899
69905
69924
69933
69939
69941
69945
69948
69950
69953
69981
69982
69988
69990
69998
70009
70023
70024
70035
70038
70078
70079
70080
70086
70094
70098
70104
70144
70152
70154
70163
70193
70197
70202
70213
70218
70222
70267
70267
70282
70286
70292
70310
70323
70327
70337
70362
70366
70377
70386
70392
70397
70406
70428
70435
70437
70451
70454
70463
70466
70468
70472
70479
70486
70489
70491
70501
70507
70522
70541
70543
70589
70591
70595
70596
70601
70617
70622
70642
70652
70690
70702
70730
70760
70760
70769
70783
70786
70805
70814
70818
70829
70831
70836
70847
70848
70852
70867
70874
70882
70889
70892
70901
70904
70913
70917
70955
70974
71003
71022
71023
71024
71026
71026
71029
71033
71034
71040
71040
71057
71064
71067
71084
71087
71125
71149
71161
71171
71187
71212
71238
71242
71243
71250
71256
71261
71264
71273
71281
71283
71285
71295
71297
71300
71309
71328
71347
71353
71374
71386
71408
71414
71439
71439
71479
71507
71516
71518
71525
71538
71546
71559
71566
71581
71597
71604
71613
71613
71619
71624
71624
71626
71628
71635
71648
71661
71697
71705
71715
71746
71748
71748
71762
71773
71787
71791
71800
71838
71839
71844
71856
71874
71881
71887
71894
71895
71907
71932
71934
71937
71952
71976
72013
72017
72023
72030
72034
72050
72060
72061
72067
72088
72112
72137
72140
72147
72159
72180
72190
72202
72209
72210
72215
72215
72231
72231
72244
72275
72275
72278
72310
72323
72332
72353
72357
72358
72369
72386
72386
72389
72403
72409
72413
72437
72452
72459
72464
72477
72480
72492
72496
72501
72512
72514
72521
72544
72578
72593
72596
72597
72615
72623
72626
72631
72642
72649
72657
72681
72697
72702
72709
72717
72723
72733
72745
72762
72762
72766
72790
72792
72796
72803
72807
72807
72819
72823
72832
72841
72842
72848
72859
72869
72903
72930
72941
72949
72950
72964
72968
72974
72977
72981
72982
72982
72996
73002
73021
73032
73035
73055
73067
73111
73118
73128
73138
73149
73170
73186
73191
73197
73211
73218
73226
73262
73285
73296
73299
73306
73321
73322
73341
73387
73405
73410
73428
73434
73435
73449
73455
73462
73468
73473
73483
73506
73510
73514
73517
73530
73535
73548
73552
73558
73577
73587
73589
73596
73599
73621
73622
73646
73659
73663
73664
73704
73736
73749
73763
73764
73767
73771
73785
73793
73816
73817
73841
73848
73867
73871
73875
73875
73880
73903
73906
73907
73907
73930
73930
73930
73930
73933
73950
73960
73962
73964
73983
74016
74023
74025
74027
74030
74032
74037
74041
74055
74080
74081
74086
74103
74111
74112
74133
74135
74139
74154
74154
74158
74159
74178
74184
74201
74241
74242
74246
74253
74264
74285
74294
74296
74297
74300
74301
74326
74379
74388
74389
74408
74410
74435
74441
74477
74488
74504
74509
74521
74522
74527
74527
74529
74559
74564
74572
74578
74579
74583
74596
74597
74610
74631
74635
74657
74665
74680
74683
74691
74703
74713
74721
74722
74729
74744
74757
74766
74779
74803
74811
74811
74822
74823
74833
74844
74865
74879
74882
74886
74895
74918
74919
74922
74924
74937
74939
74991
74992
74996
75009
75015
75018
75022
75022
75079
75088
75101
75101
75103
75109
75125
75131
75132
75137
75142
75142
75144
75149
75152
75153
75158
75182
75203
75232
75232
75245
75245
75260
75263
75263
75302
75307
75309
75318
75329
75331
75382
75395
75417
75421
75440
75444
75456
75462
75462
75466
75469
75477
75487
75489
75496
75504
75505
75510
75525
75528
75531
75535
75543
75550
75556
75559
75569
75577
75587
75595
75596
75600
75609
75619
75631
75637
75649
75650
75669
75674
75690
75691
75705
75706
75721
75722
75730
75738
75750
75753
75753
75847
75856
75858
75862
75875
75887
75899
75899
75911
75917
75918
75928
75932
75935
75950
75968
75976
75994
75997
76001
76001
76006
76010
76013
76024
76024
76032
76041
76042
76046
76055
76058
76067
76096
76100
76102
76108
76115
76121
76140
76143
76144
76148
76164
76170
76188
76189
76194
76194
76220
76238
76240
76245
76246
76246
76248
76264
76269
76276
76278
76283
76290
76294
76296
76341
76353
76360
76363
76363
76365
76366
76388
76392
76394
76398
76409
76439
76451
76453
76458
76486
76497
76504
76527
76527
76528
76530
76558
76570
76573
76582
76582
76589
76591
76602
76607
76614
76638
76655
76659
76677
76682
76698
76705
76716
76718
76721
76723
76738
76740
76753
76757
76771
76783
76786
76791
76794
76807
76817
76848
76874
76881
76913
76919
76939
76970
76973
76975
76976
77010
77014
77029
77063
77080
77086
77086
77113
77119
77124
77126
77128
77137
77147
77152
77168
77171
77177
77186
77199
77199
77204
77205
77213
77215
77223
77237
77249
77266
77280
77287
77293
77296
77303
77311
77331
77336
77367
77374
77382
77384
77387
77393
77396
77401
77415
77445
77446
77464
77486
77502
77517
77529
77531
77533
77545
77559
77572
77589
77590
77607
77607
77612
77620
77621
77623
77626
77629
77632
77666
77670
77676
77681
77699
77705
77722
77723
77726
77747
77750
77757
77762
77775
77783
77788
77791
77820
77828
77833
77843
77844
77855
77862
77867
77871
77875
77884
77908
77909
77910
77923
77926
77936
77953
77968
77976
77982
77991
78004
78031
78034
78037
78043
78058
78069
78078
78082
78090
78090
78105
78112
78115
78133
78143
78150
78158
78161
78184
78192
78202
78203
78207
78212
78217
78227
78228
78231
78232
78241
78250
78265
78265
78266
78266
78281
78291
78296
78300
78307
78318
78327
78328
78344
78359
78408
78418
78425
78429
78442
78470
78473
78475
78476
78482
78509
78518
78526
78540
78541
78551
78559
78560
78562
78569
78574
78580
78594
78619
78635
78635
78635
78645
78647
78666
78696
78705
78706
78723
78726
78731
78741
78760
78760
78778
78784
78787
78793
78797
78802
78808
78809
78836
78840
78850
78851
78863
78868
78869
78874
78893
78899
78900
78901
78911
78937
78965
78968
78994
79006
79008
79040
79046
79059
79067
79077
79084
79091
79112
79125
79127
79132
79134
79146
79152
79191
79196
79221
79222
79223
79231
79240
79241
79252
79259
79262
79265
79269
79272
79277
79281
79304
79306
79323
79335
79341
79356
79388
79401
79415
79424
79431
79433
79446
79471
79498
79503
79514
79525
79525
79534
79543
79574
79574
79576
79582
79586
79593
79610
79610
79617
79634
79645
79657
79667
79669
79671
79679
79690
79692
79718
79724
79734
79786
79790
79790
79797
79806
79809
79822
79832
79836
79836
79851
79889
79901
79902
79929
79930
79973
79987
79989
79992
79992
80026
80033
80050
80056
80063
80068
80073
80075
80077
80083
80101
80108
80130
80162
80167
80174
80175
80193
80195
80212
80228
80229
80254
80258
80266
80268
80294
80300
80303
80305
80307
80307
80309
80329
80337
80341
80377
80382
80386
80405
80410
80412
80421
80425
80431
80434
80443
80445
80497
80499
80505
80509
80523
80545
80552
80556
80558
80559
80571
80587
80590
80590
80594
80627
80635
80639
80640
80640
80646
80655
80655
80659
80665
80672
80686
80689
80712
80724
80729
80734
80787
80811
80819
80826
80838
80846
80908
80914
80919
80932
80933
80943
80947
80964
80971
80986
80992
81002
81013
81027
81031
81040
81040
81066
81067
81070
81081
81083
81088
81102
81105
81107
81110
81110
81134
81135
81146
81152
81154
81176
81198
81213
81226
81231
81248
81261
81262
81265
81285
81295
81310
81312
81317
81318
81349
81363
81401
81403
81403
81407
81413
81446
81447
81447
81450
81460
81472
81476
81478
81479
81486
81519
81522
81527
81534
81534
81550
81558
81602
81608
81615
81626
81627
81636
81648
81663
81671
81679
81686
81699
81701
81702
81704
81707
81715
81730
81732
81736
81746
81748
81775
81796
81815
81816
81829
81847
81856
81863
81864
81876
81906
81906
81909
81912
81916
81924
81928
81946
81965
81977
81985
82004
82010
82018
82029
82038
82042
82050
82072
82073
82080
82081
82085
82099
82109
82114
82120
82129
82146
82163
82168
82175
82184
82187
82223
82229
82245
82247
82259
82260
82264
82265
82274
82277
82280
82296
82298
82302
82302
82306
82307
82314
82334
82338
82350
82360
82379
82413
82415
82455
82455
82457
82472
82476
82506
82528
82536
82540
82543
82567
82572
82586
82598
82604
82632
82639
82647
82661
82667
82668
82670
82672
82684
82688
82693
82704
82715
82746
82748
82754
82771
82772
82779
82785
82791
82797
82806
82806
82828
82829
82833
82853
82856
82858
82873
82893
82893
82908
82930
82950
82964
82972
82986
83003
83008
83019
83028
83028
83051
83085
83089
83103
83105
83116
83123
83141
83154
83154
83160
83166
83174
83178
83179
83186
83197
83198
83199
83202
83217
83217
83228
83237
83263
83266
83283
83294
83295
83296
83298
83300
83302
83306
83306
83323
83338
83355
83366
83372
83374
83376
83386
83393
83414
83418
83424
83433
83439
83459
83460
83463
83466
83483
83518
83523
83525
83529
83535
83536
83549
83552
83586
83603
83617
83649
83654
83657
83667
83683
83689
83690
83697
83701
83703
83707
83709
83712
83719
83734
83738
83739
83743
83743
83750
83753
83756
83783
83792
83795
83797
83814
83819
83826
83828
83837
83842
83881
83893
83908
83909
83917
83926
83938
83950
83954
83964
83986
84000
84014
84018
84022
84041
84046
84091
84093
84121
84149
84153
84154
84188
84195
84204
84207
84218
84247
84265
84269
84270
84276
84284
84299
84303
84304
84315
84321
84329
84331
84336
84349
84364
84368
84368
84372
84394
84400
84403
84403
84416
84433
84435
84446
84461
84462
84474
84491
84504
84507
84534
84538
84539
84559
84560
84572
84576
84589
84592
84596
84598
84606
84611
84613
84615
84616
84630
84642
84649
84652
84654
84659
84659
84669
84670
84672
84674
84675
84679
84680
84681
84727
84740
84751
84753
84763
84763
84774
84776
84785
84804
84807
84809
84813
84816
84849
84849
84864
84865
84869
84873
84891
84891
84894
84896
84899
84906
84923
84929
84944
84952
84957
84976
84983
84984
84984
85000
85004
85004
85008
85039
85042
85052
85055
85060
85070
85087
85126
85134
85146
85148
85159
85163
85181
85203
85208
85212
85212
85216
85241
85243
85249
85263
85268
85278
85325
85326
85329
85332
85332
85333
85337
85337
85360
85362
85364
85375
85389
85409
85410
85443
85451
85454
85458
85462
85470
85483
85499
85502
85511
85521
85531
85541
85547
85548
85575
85595
85596
85618
85624
85625
85632
85633
85654
85667
85683
85692
85711
85714
85718
85732
85739
85742
85744
85748
85755
85757
85768
85786
85792
85806
85819
85821
85829
85833
85845
85852
85856
85875
85883
85895
85901
85904
85920
85929
85930
85941
85942
85965
85975
85976
85981
85983
85984
85986
85991
85994
85994
86008
86024
86032
86039
86048
86050
86083
86090
86097
86101
86107
86107
86121
86126
86134
86148
86151
86178
86189
86190
86200
86203
86213
86218
86222
86227
86242
86243
86254
86260
86262
86269
86279
86285
86306
86306
86309
86311
86313
86327
86336
86343
86355
86373
86389
86403
86405
86406
86413
86434
86445
86446
86472
86477
86480
86508
86522
86528
86550
86576
86585
86594
86606
86617
86620
86624
86629
86635
86648
86650
86651
86651
86657
86663
86663
86665
86694
86696
86711
86719
86738
86751
86762
86763
86764
86765
86765
86773
86778
86782
86786
86790
86796
86797
86806
86839
86839
86846
86859
86880
86881
86884
86894
86900
86902
86906
86910
86928
86938
86956
86959
86979
86983
86986
86995
86996
87002
87003
87004
87005
87021
87021
87026
87057
87057
87059
87070
87097
87115
87130
87133
87143
87150
87161
87180
87201
87219
87225
87266
87272
87272
87272
87275
87279
87281
87292
87307
87311
87315
87326
87341
87346
87365
87373
87389
87403
87411
87413
87416
87418
87433
87439
87444
87447
87471
87480
87484
87487
87490
87509
87509
87512
87521
87534
87535
87576
87581
87585
87594
87595
87595
87598
87599
87609
87611
87616
87624
87636
87642
87654
87654
87667
87672
87676
87692
87708
87710
87735
87740
87745
87747
87757
87777
87795
87801
87810
87815
87821
87851
87854
87863
87863
87867
87873
87881
87883
87886
87888
87900
87917
87920
87924
87926
87928
87955
87957
87970
87970
87990
87993
87998
88042
88057
88063
88074
88081
88104
88113
88126
88131
88148
88161
88164
88186
88194
88205
88207
88228
88237
88246
88273
88276
88284
88307
88307
88311
88322
88333
88335
88344
88353
88361
88404
88407
88410
88427
88459
88460
88462
88498
88510
88511
88521
88525
88526
88536
88560
88566
88571
88575
88576
88580
88596
88621
88644
88658
88666
88667
88719
88732
88735
88775
88780
88814
88818
88826
88828
88842
88861
88875
88877
88879
88879
88886
88887
88889
88900
88917
88921
88923
88929
88932
88933
88955
88972
88981
88990
89008
89010
89011
89013
89014
89017
89019
89034
89035
89044
89045
89047
89062
89063
89064
89066
89077
89081
89113
89122
89126
89153
89158
89168
89178
89179
89193
89213
89218
89220
89223
89235
89246
89253
89266
89272
89276
89282
89289
89289
89309
89353
89376
89379
89383
89394
89405
89411
89416
89418
89444
89445
89447
89451
89476
89514
89526
89529
89533
89544
89546
89556
89578
89580
89636
89641
89641
89643
89644
89664
89669
89671
89682
89688
89696
89714
89718
89722
89725
89726
89742
89744
89763
89778
89781
89784
89794
89796
89802
89835
89838
89840
89868
89870
89870
89877
89879
89883
89910
89919
89922
89931
89934
89939
89946
89947
89977
89996
89997
90002
90024
90044
90054
90057
90057
90058
90065
90073
90073
90081
90085
90088
90089
90109
90129
90138
90147
90169
90178
90180
90192
90194
90207
90224
90229
90236
90264
90275
90281
90296
90300
90307
90311
90311
90329
90335
90343
90352
90365
90378
90415
90417
90435
90453
90464
90466
90515
90531
90558
90564
90567
90573
90575
90578
90597
90602
90610
90618
90619
90655
90656
90673
90676
90693
90713
90741
90747
90751
90753
90770
90773
90787
90798
90800
90811
90835
90843
90844
90846
90861
90885
90895
90899
90903
90909
90910
90979
90980
91000
91016
91037
91040
91047
91057
91073
91100
91112
91115
91116
91128
91150
91164
91175
91203
91203
91208
91214
91247
91259
91261
91261
91266
91269
91273
91277
91284
91288
91298
91308
91321
91324
91325
91345
91360
91361
91362
91389
91392
91399
91423
91426
91431
91435
91447
91461
91468
91484
91497
91499
91507
91515
91517
91526
91533
91538
91542
91555
91561
91562
91575
91601
91608
91610
91645
91647
91654
91655
91672
91677
91679
91685
91698
91707
91715
91744
91749
91757
91759
91771
91782
91795
91810
91816
91818
91820
91825
91825
91832
91850
91853
91856
91858
91863
91876
91891
91902
91923
91938
91948
91971
91992
91997
91998
92000
92012
92017
92032
92036
92038
92048
92069
92092
92098
92113
92119
92137
92142
92151
92154
92156
92178
92179
92187
92192
92214
92239
92245
92261
92296
92299
92319
92332
92341
92349
92361
92397
92404
92442
92447
92462
92480
92486
92486
92505
92507
92517
92522
92526
92533
92537
92607
92621
92623
92627
92640
92667
92693
92702
92702
92709
92713
92738
92748
92763
92768
92781
92788
92789
92802
92823
92837
92852
92883
92890
92901
92903
92924
92926
92931
92943
92949
92955
92969
93007
93021
93035
93040
93040
93048
93057
93059
93060
93074
93078
93097
93115
93119
93144
93152
93181
93191
93200
93253
93254
93268
93304
93313
93320
93324
93357
93368
93379
93406
93409
93409
93419
93441
93462
93469
93469
93471
93474
93492
93512
93513
93515
93517
93524
93541
93543
93546
93547
93555
93590
93603
93609
93625
93635
93643
93663
93666
93669
93674
93674
93681
93683
93700
93707
93709
93711
93721
93728
93728
93733
93741
93742
93753
93756
93764
93767
93768
93772
93773
93777
93813
93825
93852
93857
93860
93864
93874
93897
93908
93928
93940
93941
93952
93952
93955
93963
93971
93974
93979
93983
94010
94013
94017
94018
94019
94021
94031
94033
94037
94073
94077
94080
94089
94090
94096
94098
94099
94104
94108
94119
94126
94158
94162
94163
94164
94169
94184
94201
94202
94206
94219
94230
94232
94234
94259
94278
94279
94282
94288
94290
94298
94318
94341
94349
94349
94366
94374
94379
94385
94405
94414
94437
94438
94453
94455
94483
94510
94515
94522
94529
94540
94545
94548
94563
94567
94569
94587
94597
94608
94634
94657
94658
94664
94671
94678
94686
94688
94691
94703
94719
94753
94759
94760
94770
94776
94780
94797
94798
94810
94811
94818
94821
94860
94866
94873
94882
94884
94885
94887
94888
94895
94902
94912
94922
94924
94949
94951
94957
94971
94979
94989
94998
95004
95006
95018
95058
95064
95084
95086
95087
95104
95108
95114
95115
95122
95129
95134
95141
95143
95146
95168
95168
95175
95175
95178
95202
95205
95208
95213
95216
95236
95240
95245
95246
95281
95286
95289
95290
95303
95303
95305
95306
95307
95312
95320
95337
95341
95373
95387
95411
95422
95425
95439
95448
95451
95456
95457
95474
95475
95483
95484
95485
95492
95495
95518
95520
95541
95545
95568
95572
95574
95592
95605
95623
95626
95628
95629
95643
95657
95660
95710
95734
95737
95741
95766
95768
95771
95771
95772
95779
95790
95800
95800
95807
95807
95808
95812
95817
95823
95824
95849
95876
95880
95884
95885
95899
95940
95942
95966
95993
95993
96011
96021
96029
96036
96056
96064
96077
96086
96103
96128
96129
96140
96143
96153
96171
96179
96195
96197
96200
96212
96225
96244
96246
96251
96259
96267
96280
96286
96286
96287
96292
96294
96296
96314
96328
96343
96349
96349
96353
96356
96363
96366
96368
96371
96379
96380
96395
96397
96397
96423
96437
96457
96459
96482
96484
96486
96498
96501
96506
96513
96524
96527
96562
96569
96590
96612
96643
96650
96663
96666
96669
96669
96690
96693
96696
96707
96774
96776
96776
96784
96786
96788
96788
96798
96803
96807
96816
96827
96827
96828
96841
96850
96859
96863
96869
96891
96893
96903
96928
96930
96935
96938
96946
96966
96971
96975
96978
96985
96997
97003
97021
97022
97035
97076
97122
97130
97185
97190
97210
97211
97225
97239
97242
97246
97252
97253
97255
97270
97278
97312
97314
97326
97329
97351
97368
97378
97400
97417
97427
97433
97435
97438
97440
97457
97470
97482
97487
97512
97513
97515
97517
97520
97529
97530
97538
97551
97552
97553
97558
97560
97593
97602
97625
97658
97667
97674
97676
97676
97678
97681
97686
97690
97696
97700
97703
97703
97722
97733
97739
97741
97745
97753
97758
97760
97767
97769
97779
97780
97787
97798
97805
97821
97828
97857
97860
97881
97891
97896
97896
97905
97918
97921
97924
97945
97964
97970
97977
97991
98011
98047
98053
98063
98071
98073
98073
98122
98138
98160
98164
98172
98175
98181
98184
98203
98223
98230
98238
98240
98248
98272
98281
98288
98295
98298
98327
98330
98339
98343
98365
98397
98406
98420
98423
98441
98443
98465
98485
98491
98501
98504
98513
98524
98525
98531
98535
98540
98558
98565
98581
98597
98597
98627
98654
98656
98660
98663
98664
98675
98692
98694
98695
98698
98712
98715
98719
98726
98738
98743
98759
98766
98774
98797
98799
98813
98833
98838
98854
98865
98872
98876
98881
98897
98902
98910
98916
98918
98919
98924
98925
98934
98939
98959
98963
98965
98986
98996
98997
98999
99010
99015
99019
99020
99045
99057
99066
99077
99078
99088
99098
99110
99126
99129
99143
99146
99151
99158
99158
99163
99175
99178
99180
99187
99188
99193
99206
99208
99219
99224
99233
99235
99238
99258
99290
99293
99314
99318
99318
99341
99348
99348
99368
99376
99382
99384
99384
99394
99402
99403
99422
99433
99437
99455
99459
99471
99473
99486
99511
99515
99516
99536
99553
99562
99589
99603
99606
99612
99626
99630
99642
99658
99673
99702
99709
99723
99765
99773
99795
99815
99826
99829
99832
99833
99844
99850
99850
99856
99862
99866
99886
99895
99901
99904
99907
99932
99933
99940
99956
99957
99968
99975
99978
99980
99985
99989
99992
99995
