776
3185
4202
1876
2989
3012
3537
3962
936
4958
118
2177
4223
72
407
21
3246
4356
976
3500
4939
2659
36
557
3300
567
48
3580
1305
1480
2410
83
1229
4139
4528
2539
2476
2087
77
4665
349
4690
4707
1197
3380
554
668
2109
244
4280
3152
2842
4896
440
212
2578
3581
2334
4833
2346
930
1942
4469
152
2144
3529
986
3313
4082
225
2469
746
662
371
379
3023
549
3348
650
1752
3882
563
3686
648
3296
1031
249
189
4635
879
2863
4762
205
596
2507
4197
1939
2206
2829
1750
795
396
3161
2833
1979
124
3102
1314
694
815
3435
490
4672
3267
3508
1504
3595
4226
3995
1263
801
2461
215
1924
2531
2259
2127
4401
491
3771
3851
1149
2906
728
1588
3795
4227
1560
4491
177
1361
2604
2209
2364
4247
3895
4518
622
2196
3332
3427
4233
2937
1395
1785
3415
5
4683
3963
2583
829
4119
2664
949
707
772
1612
418
3288
867
4128
9
2547
1840
3663
2052
1881
2559
4526
3614
448
929
791
7
493
2959
467
341
4755
1104
4369
4507
4563
3429
2733
1408
1119
686
1963
1882
2211
2172
4638
3476
537
2995
961
1068
66
569
4211
2977
2652
2360
2648
4072
638
4214
3309
752
4588
218
4256
4134
3622
1377
565
916
1457
1105
2913
3197
1718
3260
1896
3321
2600
1118
4270
3343
4990
506
1817
1938
2262
4242
3726
1751
1778
2670
657
3638
2231
1484
2843
817
2312
3977
4908
3320
1855
4763
4559
1066
2672
405
598
2752
2324
2369
3592
1574
1233
404
2106
1074
1458
1367
2560
3505
3335
3733
763
1832
1169
4067
2188
3794
4598
2122
4519
4888
3068
864
4727
403
1145
3099
3387
3832
4994
937
3965
2032
3814
4370
2623
2696
1154
4319
4070
3643
1425
4246
2256
1614
4283
4199
4086
2212
606
4542
624
3511
983
1091
4372
4558
4819
1671
768
2197
2790
4163
2851
73
3743
4650
4633
3074
1636
3631
4505
1617
3867
2020
770
2781
4123
2215
2619
699
1004
436
2076
2924
4551
1188
305
1081
2571
1500
1709
4145
1555
3626
4993
1577
3046
1712
4056
3703
689
3596
3793
3148
628
4905
1851
4238
3753
3714
4517
399
1340
1064
193
260
4989
4314
85
1087
151
630
4030
1609
235
919
1106
4176
4006
4427
4825
1376
2494
2254
2367
4953
103
1487
959
330
1747
126
3128
1543
4836
20
1018
2284
3118
1289
4898
3653
4037
4600
1515
3892
3465
65
2627
2765
3441
280
2931
4099
3860
2654
1634
2911
2077
1891
1755
2609
3042
2962
547
4353
4277
4544
2366
4198
93
917
4696
4301
1008
3947
1936
3822
690
4514
4503
568
3659
4875
1527
3298
4878
564
1346
2566
4418
897
120
2097
2356
682
2665
3648
1249
4520
654
234
1551
4439
2434
2095
4292
1608
4735
4922
3117
1546
3624
4766
2125
464
4445
1429
4948
2186
4842
2113
3145
339
2671
1473
658
156
2835
402
4861
416
4894
1439
1669
4251
425
2561
2597
2438
4375
2317
462
4095
4713
1113
4001
1062
4858
2338
3231
3804
3894
217
2361
1265
4778
2129
4254
1019
760
2185
2297
2169
2721
4843
4461
2624
4426
1158
3056
510
1513
2385
3372
4432
1696
4556
413
1619
1191
1342
2349
320
1803
3417
4705
1665
3139
1358
423
3144
2927
213
456
4441
1583
4527
523
3179
227
2489
651
173
1195
799
4653
4828
619
2958
4886
1877
539
3030
3503
2873
1566
58
4158
4631
3289
2108
2114
2304
4732
4081
1144
4475
4249
4704
2404
4834
675
2072
3374
2848
3728
131
1765
2831
4436
607
2247
2359
148
2102
881
739
4525
91
2447
18
2218
3964
1508
4219
601
645
2379
3835
4566
155
4118
478
1797
4267
2685
3045
594
3980
1782
3597
1180
4943
3720
3173
222
214
3979
4129
3758
1394
4568
4379
4367
2269
4578
620
4380
228
581
4484
3007
3902
481
603
2741
121
1214
3184
2257
2602
338
2703
4931
1246
2110
2944
1230
4396
2027
2245
1050
3849
3954
3478
2271
3040
3496
4204
3700
2755
2973
3837
3838
1328
4716
1991
2175
2799
105
2928
4959
2413
804
1490
4457
3873
4956
604
4059
4829
1044
1190
311
2395
3406
3066
2745
3245
2418
3889
862
3425
665
939
411
2272
4549
4620
3407
1013
3605
482
4594
1130
1724
149
369
4718
705
2862
361
3232
4482
3402
2012
2101
4488
1270
810
2661
813
3608
2429
357
2073
522
2791
1766
2528
4824
4371
3226
10
4008
1331
4096
400
285
494
1818
2336
2492
88
3948
1226
1621
1392
463
2963
1499
424
1512
3198
4911
4940
965
3786
984
1014
3359
472
4466
1386
1321
1286
276
3470
2088
4803
4398
2378
3884
3067
4288
4669
1580
915
2058
4014
207
2488
3202
502
1092
854
3764
377
610
1904
3404
2049
3092
4980
2881
3054
3408
4318
839
64
1620
242
4154
792
3826
117
384
1339
1471
2313
3156
1415
4973
4547
957
2512
2176
4847
1243
431
533
3943
3524
161
3644
4767
1516
4865
4210
3713
868
57
3334
616
1054
2427
3896
3731
3018
3998
2467
3106
1011
4964
1847
4673
4416
4997
1826
4860
3188
2155
4232
2044
3256
2509
3266
1428
4222
1633
1071
4361
2884
2455
4159
4974
266
4489
2440
79
3573
912
779
4272
2607
2132
4887
2823
4460
3431
692
673
1541
495
4599
4784
2839
2854
3077
3905
4193
312
1649
1351
1406
3730
3746
4135
4586
3773
3515
4347
1735
3569
2808
2174
2040
1348
1202
4970
4323
1844
1582
6
2876
3993
2502
1700
2134
4577
998
1693
4512
2523
1283
996
1978
4820
3813
3393
1151
2784
4302
2223
2053
1632
4075
3111
2869
2888
2993
4215
4052
2278
3879
3104
1301
1369
3521
2874
2582
2746
1932
1557
4780
3600
3027
3265
1048
4744
4852
4184
1096
3779
3681
1514
4743
4012
4186
1953
3247
3698
1100
1522
3316
1941
134
3901
1450
2969
4147
2055
5000
485
238
637
4152
3616
3157
3075
683
4358
3169
3460
4659
2267
1111
4796
4170
1063
1698
1378
2182
136
132
4657
1390
2449
2407
4914
4307
1047
2636
3291
4832
2841
999
3440
332
3463
721
2739
3533
4140
2549
2371
2068
4327
194
2305
1533
644
1444
1155
3552
3403
3180
2552
2303
1903
4335
2046
2388
3001
1186
3194
109
4691
1837
3816
3208
1244
3070
441
712
3029
4738
3868
887
2023
2569
1250
1596
2428
1416
4429
2780
2861
1788
1505
840
2719
653
3707
264
3277
2207
3699
1164
1300
3112
4
1684
3722
1430
545
4584
4473
3449
3554
1194
2398
2981
902
4153
1866
1362
4055
3752
671
374
4540
22
2641
69
1418
4331
2956
4664
625
3900
1478
1927
1567
4329
3874
4051
3588
3969
725
1391
2069
1414
3182
1827
845
1779
4289
4562
3924
3336
203
3122
2628
2117
578
4774
2972
3017
4100
3567
4443
3147
743
1467
3737
1005
1330
4048
2794
756
4616
1721
1810
4498
2173
4262
3863
1360
730
1322
3190
4698
1962
997
4239
3249
104
679
4164
2640
1589
3113
4747
2365
4692
3459
2533
123
2538
1715
4464
3985
279
2556
761
4660
1167
860
63
3129
2323
2166
1983
2800
4697
4605
1519
913
2121
1681
704
3132
2022
511
11
4800
3955
4771
4882
3127
820
3081
4944
4010
2574
890
3442
4662
609
4442
3657
597
528
2441
4395
1838
4929
469
3457
3349
3275
4636
749
1295
4801
3945
3398
86
2631
819
356
873
4405
1312
1760
1613
1365
42
4837
1172
3602
2551
4564
158
1825
710
1267
3259
1021
3242
2885
3897
3983
408
1834
842
2273
4045
1366
1966
2057
627
3841
3195
4299
1572
656
484
1292
2470
837
3672
3683
4678
2412
1604
4903
2432
535
2282
3695
1034
1296
187
3787
3987
4391
1758
2454
2727
2054
3325
2518
1629
3774
3967
3611
2915
2926
2260
856
2890
4409
8
82
2067
4453
1872
250
1067
1521
414
1221
4399
2276
3095
2519
2522
2611
1042
1421
3510
175
3850
4769
3187
4593
1526
4645
3940
1601
3450
2482
4389
3887
934
2702
2982
541
392
3584
2477
497
291
3060
641
2756
2329
2744
1986
1161
2112
2184
2025
2066
27
1332
3857
2225
708
3273
2832
1297
2598
1972
1175
1812
3824
3089
1944
256
3350
2986
3094
3447
4420
701
2828
3158
2804
634
1780
2585
2151
47
3026
471
1086
802
4206
1828
4053
4025
2061
1128
2161
4340
1860
1597
559
4181
732
727
2472
1045
4571
977
1059
2695
4444
3170
538
3131
2704
1907
1578
2008
940
3241
3474
3735
1271
3314
4602
1807
2397
51
2043
3909
4178
1101
309
807
139
4022
3110
1611
1162
3020
1285
1909
2078
3692
3651
2478
1199
4203
2150
2779
2618
3378
2689
3697
4693
3913
1464
1232
232
1196
4954
2724
4467
3443
296
15
1454
3585
1699
1398
1694
1224
3433
818
3883
2612
417
3941
2465
3331
4912
893
3925
3766
1784
252
4248
3981
2797
3411
4046
1564
1003
1174
1757
3389
4963
4257
981
2414
1476
975
1745
2651
518
160
4719
4839
2139
2938
4342
4890
500
2897
116
2740
3633
4054
3364
274
781
1610
2617
1387
3607
476
3426
62
4574
4741
4675
1404
811
1658
1892
4349
4281
230
55
223
4863
383
3006
4456
382
3956
1697
4646
1116
192
1022
2505
4419
2462
1234
2816
1672
4126
473
200
1276
3494
827
1529
3215
2459
2565
343
1093
3025
1125
3708
2563
4050
1598
4344
2390
220
246
655
317
3396
2605
3828
3133
2747
4802
4021
1225
2979
4423
709
927
4024
3085
144
2586
4109
3114
2960
3299
1644
1961
1347
924
2299
711
4876
3664
71
4892
2837
1682
409
2723
74
4094
1345
4290
1955
1364
3680
2228
2929
2130
4400
2159
4403
3809
4610
183
4637
3991
2720
2668
4185
1030
3421
2230
1341
4524
3555
2587
877
1707
488
4739
1901
3646
3011
4640
2838
4183
3317
2499
89
292
2116
764
4656
2638
4144
1449
3976
878
824
605
4102
1659
2079
2401
3603
1123
2713
1335
3384
4933
2663
2332
2098
167
2850
3438
310
4336
738
1916
2253
1320
1306
14
4984
4345
191
2092
1646
4339
4383
4770
1426
1900
2047
474
928
2448
3201
211
4029
1254
3997
2734
4196
4350
4071
1861
333
130
2000
2442
3550
898
1076
197
477
2909
2568
2540
3623
3953
216
1875
1258
1926
3214
2717
4481
1993
4306
41
3551
1743
3021
4039
1859
2548
2905
3369
4679
4234
2984
4521
2951
4168
381
1651
4961
171
460
2809
2164
4346
347
4670
542
4906
1318
140
2446
4446
1211
3662
1673
1491
2980
4790
2925
599
1884
3484
2006
4917
1026
1801
2217
2191
1627
886
4508
4201
3495
3239
3253
31
4033
527
3329
3341
3263
2882
3805
908
1402
932
2453
323
4789
2991
2678
270
1384
2933
1493
612
1409
1445
1931
4749
972
1928
2606
991
4576
125
2491
1206
25
4608
4611
2468
1767
685
584
1007
1138
2149
544
4701
1640
4706
3706
570
4846
530
4844
4079
4376
3780
2710
1556
3767
3625
3136
3660
1218
3536
3126
2657
4241
2735
3014
2204
3534
24
4930
951
32
3566
2099
46
23
4794
3240
4058
1474
2082
1713
4084
2935
2976
3346
2572
4793
1678
3413
3718
2772
2521
3531
1298
1768
1968
3412
3257
1023
3252
202
4160
2817
4386
4531
2340
4651
2111
3230
2867
184
221
38
1719
3171
3065
775
3831
3353
3577
4728
3899
4604
4338
4998
1368
3523
3
3761
1089
3781
3765
1980
2339
863
1655
3328
380
204
2137
3101
4754
2226
931
896
1061
2694
447
2896
4016
1710
1240
2530
2466
4587
1531
1277
785
2814
3236
3839
1477
2501
2353
4787
4936
1874
268
2007
1203
826
3898
345
1772
1419
1117
736
1856
1819
2706
206
4064
3667
3639
4000
4088
1293
2994
1085
4378
2974
3840
4857
2119
1949
3401
509
4996
2793
1947
4785
4261
1372
1798
1547
844
2887
4965
3687
4541
740
4171
2291
3419
4661
3994
1253
3339
636
445
1764
646
3859
3974
1929
3009
888
4355
1121
4494
2163
4322
3479
1189
2656
4506
832
1494
2778
278
1075
3612
2616
3153
3213
2251
973
4337
1170
789
1842
1593
2171
551
2957
3103
1990
275
3138
1256
2411
2345
3587
4397
4811
561
1307
355
3690
1663
2463
942
812
846
224
3666
4554
3961
3658
1518
3368
1510
766
4971
2420
1899
3938
1181
226
1794
1945
3723
4073
1135
2788
4394
4414
4297
2034
1462
4407
3926
2785
2751
388
3678
3160
2021
4618
1761
1141
745
3141
2728
1219
1605
4925
3636
4078
1954
1470
415
796
1275
435
3796
754
335
1736
2776
3990
2015
4808
4731
1434
2748
941
1129
186
4009
33
4983
306
3606
4264
4373
4643
281
4253
1520
4392
667
966
479
2118
3647
4310
4881
759
1079
870
3191
2932
4592
1017
269
1873
2234
4889
3376
3358
2337
3936
3558
3498
532
3988
1996
209
3033
3090
894
4792
1762
2244
2320
519
1401
4031
1327
4937
427
3711
2806
2592
3757
2610
1269
3769
1897
3670
4437
3058
3272
3377
2358
1829
3557
4555
1950
2527
4019
1933
2731
2700
885
698
1746
1793
2847
2866
1880
3049
114
2307
3458
2613
2860
2914
2714
52
2792
2202
3590
2742
3502
3729
678
3216
1653
3360
3444
3304
1575
4043
4428
2093
1488
640
3604
2773
451
4625
2464
1912
3333
2041
4630
4677
3549
3516
1657
4103
4710
1245
2535
3504
2016
681
122
4561
3200
2265
3918
1667
1982
1705
3875
1231
3919
2908
4851
2261
2275
660
1274
838
4945
3738
3264
600
2852
2886
1935
17
271
4712
716
3749
3340
4354
4715
233
1643
2246
2
2594
3684
3790
1122
3617
3517
4007
2280
1952
2673
1976
4641
2750
1537
2426
1595
914
744
4015
4632
1720
1517
4237
4117
4450
137
504
3087
1090
90
4408
883
3211
974
4108
3206
2348
2314
50
3989
3488
895
588
3178
4987
3830
3669
3472
1824
534
805
4655
1591
1525
3916
422
199
4474
3091
717
4374
4365
1723
3445
3772
4751
3356
2004
247
2236
4166
1038
1885
4049
2997
4809
514
1622
536
98
2749
3800
1883
304
1108
2266
3041
1676
780
4244
1259
1638
97
2635
3146
1469
4291
499
1642
4334
2126
3538
3302
3513
962
1858
370
172
1703
4545
751
2289
2293
4425
2891
2123
3038
4282
4985
3937
3799
1637
3914
3219
3080
3601
4667
1702
3405
582
1934
1288
3548
903
4304
2692
3108
1687
2456
2198
4485
1009
13
2726
84
4273
841
853
4752
3293
1602
4300
195
4859
2998
4275
2315
1652
4866
2341
3906
3784
1645
1455
3751
3366
1975
1336
2264
531
1626
2201
1198
2354
1565
4093
985
3634
4483
4061
453
1599
4187
1656
964
831
395
4872
468
3957
800
758
4172
1708
1559
2081
1917
1396
3904
3691
1992
4703
3842
1853
1435
4320
3282
3872
4333
3071
2274
1193
3594
3221
3254
2141
4470
2162
2168
904
1706
859
1304
4685
4567
1107
4263
2949
556
1590
4149
1870
2667
1213
677
4799
1937
2767
2736
1532
750
2918
1015
480
1083
4035
3228
4918
2645
3642
4968
4148
3865
632
4364
2529
102
2581
1324
2757
2019
164
3063
1742
376
314
3652
3674
4260
4726
1906
2555
3168
1489
2083
794
663
4663
2999
1893
808
1675
1212
935
4194
201
3134
3057
3696
3367
3013
3069
1581
28
1352
4565
3278
548
783
3694
2392
4546
3062
586
666
2675
2985
1115
1997
3514
4003
3053
2898
954
2038
4977
987
4840
4850
2107
2584
2208
953
2443
1660
3098
1192
784
1960
4623
4020
1539
87
1043
4195
176
1587
2557
1948
2880
1730
3000
352
294
1242
1686
4124
2965
3489
2003
360
3682
112
4477
59
3739
1247
4047
2768
3834
2071
1690
2766
2219
255
2387
1103
1185
1323
3654
4091
1252
2450
2575
2422
3461
2216
4422
4901
1603
1545
3775
2916
2859
1641
2564
1739
3815
1472
1438
1165
2179
2239
3582
2554
4893
4668
1943
865
2242
1852
2789
4107
2948
3032
741
2883
426
1109
2845
3238
2091
4311
4343
1333
4431
2633
3575
2830
3971
1568
1132
4812
2903
3486
4415
325
3312
4284
3422
3261
4729
1451
4529
4976
1814
2693
1879
1670
735
4753
2737
4492
978
4907
1114
4062
2907
4684
3803
3271
322
3490
4999
1981
2824
2684
3820
4947
2457
4352
259
1291
1326
3015
1413
2298
1549
4200
1260
4601
579
2435
1120
346
1925
546
138
351
1078
1316
571
30
1654
1534
2945
2051
1187
1184
1168
2146
4689
2368
1110
111
1080
4155
1133
2669
153
496
3456
2498
2238
2589
434
354
507
3968
3410
1869
45
3048
446
4316
501
1058
4229
1823
4413
1965
3750
2801
4583
1309
2357
994
2157
2544
3043
3399
4017
4114
2045
696
3382
3337
828
1178
2014
2311
1410
923
2500
3921
1393
1625
4179
4225
318
4268
350
3540
1284
3710
1864
444
2425
526
4341
4702
393
2181
1977
1153
4883
2495
303
1010
733
1459
3204
180
4212
1662
2050
1959
3355
4979
331
1205
3370
3163
3248
3712
1791
1157
2872
3347
2946
3022
3172
2363
4868
3911
3836
1208
363
3388
4173
4208
2990
3745
2892
4609
4448
669
1147
4285
4736
3227
674
1310
4813
4817
2895
4652
1094
3525
576
1485
4921
3120
3270
3725
3424
1535
2577
3024
3862
2195
2084
1970
12
1507
3493
4919
4920
1530
170
1833
2775
3482
2248
3944
4606
2917
4495
1816
1355
4962
4880
4330
2579
4106
4440
4325
2281
963
2764
432
4986
3817
3762
2595
4786
3327
3373
3579
3583
2063
229
3093
590
390
1511
1886
3949
1680
3181
2335
777
4279
1836
4589
4092
778
293
4806
834
748
731
2115
3287
2846
2902
412
4221
241
1041
4856
2389
697
4955
163
1456
3858
1536
3143
1012
61
680
263
2333
3853
4065
261
3167
3344
2085
4717
3345
3212
4884
1235
4627
4569
4113
1714
2270
3599
4410
2894
4745
1563
1503
4468
1592
825
2189
210
3719
2707
115
4680
219
2729
287
3999
2203
1974
1998
3420
4180
3526
133
1848
4259
169
2302
2988
1585
4522
188
3124
368
2145
2380
2090
2699
702
4105
4818
2567
659
168
2865
1985
3010
3807
290
76
3480
1353
4733
521
687
1770
3562
2138
3452
2362
1446
4296
3390
2351
2386
298
4928
4855
3854
797
3903
2771
3338
4725
4421
591
366
146
3363
3224
96
703
40
4057
2637
1272
457
3544
4788
1152
4804
960
3210
918
809
2205
1053
300
3881
2316
142
1000
1222
4189
1027
2143
3880
4864
1501
2391
4255
2826
4287
307
1403
3073
1639
713
1999
2620
1731
433
1729
3770
4111
4765
419
3673
2473
1302
1774
334
4438
4862
3379
1040
920
3655
3218
769
1726
1237
1397
3351
1399
1600
1878
943
2178
3572
2214
3823
4276
3491
458
1228
108
4218
3258
1902
4490
3705
4536
2649
3912
4411
2156
3294
2243
4122
3709
4530
3326
4827
3984
3886
1946
2147
3825
3028
4162
575
2762
635
4995
4708
428
2677
585
3556
4040
2952
1631
4575
1238
3742
1737
3518
1084
1354
2355
3149
3920
2687
315
286
4647
755
301
2301
4579
4511
4424
2433
157
1261
4479
1607
3890
4622
4764
2769
1951
517
4463
3037
1776
430
573
4245
3473
4557
3992
2875
2263
4116
4136
3564
4873
3307
4390
4449
3319
1775
1783
3034
3310
4642
1820
3788
4615
299
4192
1001
4326
3036
4681
933
3619
2213
288
4810
3292
2708
2503
2327
615
2400
613
3392
4572
2655
2975
2028
4041
272
3661
3016
4324
4548
3724
2759
1159
1995
2439
3806
359
3416
3137
4699
2553
566
3864
4941
2475
4478
989
3866
4501
1790
1460
2167
2010
3821
3568
3357
1786
3915
608
2818
3031
926
3760
3541
889
4722
2871
208
4740
1266
365
1989
3576
4981
1343
3959
3005
2486
2901
1134
308
3855
3819
3888
4720
3233
2653
2634
4240
958
1051
2024
1028
2306
2431
1483
2497
782
1380
3437
1799
843
3150
1432
4532
1070
1220
899
4946
3810
855
1664
747
1273
947
3477
3097
1971
251
1405
4516
394
1808
3960
626
1554
2436
4721
2199
2249
2836
1695
1126
3176
1349
2644
4895
1065
3464
3759
316
4900
4932
2285
4087
297
3561
1813
4451
1624
4795
2639
245
284
3414
3235
2802
3727
2250
442
4068
3290
2968
4097
3756
4629
258
454
4877
3311
2626
327
3785
4756
1427
4004
3400
2591
1809
2763
2722
1958
3297
1964
492
243
1437
1183
313
2406
4509
49
1584
3829
4686
3375
1725
4648
489
562
1350
1465
2777
2680
3519
4207
2382
2877
788
1787
3910
803
35
3186
3279
2822
4934
1329
4975
3933
1217
1251
70
3755
2508
847
516
3952
3050
1436
4182
2100
2966
4032
4591
3689
3563
2094
4141
2855
3715
2483
647
2904
4624
3436
2537
4619
3468
642
2588
577
2821
113
2760
1
980
2599
906
2326
3942
971
1967
2142
2615
3618
3051
2158
3856
2730
1127
3305
3721
2210
240
4553
438
1442
1683
174
3802
670
4230
1805
3125
1264
992
3386
2089
2971
3483
2761
437
421
3656
4293
2770
925
4252
4815
3928
2510
4458
2709
4538
3381
4317
2220
4013
858
4150
3207
2716
1313
3220
4191
2922
3637
4309
2650
3734
1815
2009
2487
4377
4560
2295
3929
901
1124
2629
475
1846
4151
515
4757
3972
2812
529
583
3635
106
1325
3547
3996
806
2255
4085
1029
1420
1303
3315
4393
4076
4597
3105
277
1182
611
295
1492
2180
4737
2424
4101
1704
420
2001
4265
4550
3876
4381
3434
4459
2393
2807
3520
664
1914
3159
3668
830
3497
814
907
2576
2930
617
4797
2542
633
2580
726
3685
900
3175
4709
2683
821
2229
550
372
4992
1201
835
3847
2961
4523
1441
4759
2647
1046
4580
4454
185
3560
3570
4146
1734
1215
4949
2562
4854
1216
3487
1691
4060
3789
2787
1918
2601
128
4902
1466
540
3330
3932
4897
1889
1227
2543
4274
4649
1623
4938
4783
43
1036
4781
4682
4121
3223
1241
3512
2035
1920
166
3082
3189
1895
4761
2643
4957
1453
1777
4271
2899
1412
2288
2124
2996
945
1294
4351
2622
3891
3621
2452
861
4313
3593
3586
2550
2870
691
969
693
1890
1913
1052
2292
2370
253
2065
2252
3462
618
3385
4617
4002
3744
909
1207
1988
1057
4711
2558
2534
1357
4760
816
2396
4104
3818
552
2059
4700
593
3116
1136
3362
880
4543
3217
4493
3677
4404
2373
2942
3801
3295
2919
513
110
3055
273
2394
793
790
3559
2698
1677
353
1915
2662
2964
2983
2570
3084
2910
1868
3939
3754
2322
107
4870
459
2660
262
580
1374
4723
236
2856
4585
1082
1930
4083
1845
3907
1417
4332
4476
4510
4231
3162
4115
283
1548
2590
2321
1910
3096
948
4798
3543
1544
2120
3199
2992
3035
4915
4952
16
4826
869
1830
4220
4188
2419
1496
302
1628
3507
4224
3004
3244
3485
3645
4891
4513
4502
3861
4384
1463
3632
2152
3308
968
2682
2596
1969
2104
385
4927
4132
4926
4465
4821
1278
3446
3627
1290
2350
198
1908
4533
1754
4315
871
135
1733
2889
3539
4120
1337
4848
99
367
1849
321
2593
3269
2060
3072
3574
4023
1738
2062
2474
2417
2953
1055
4190
1789
1573
3610
2825
3100
1497
1279
4216
3509
1561
2318
4131
3665
3578
2621
3471
3693
2947
520
3871
348
946
1792
2405
1576
3083
1173
3970
3535
4174
1160
1579
3527
1171
1722
3432
2815
891
4127
2490
1571
505
3451
143
4298
2819
1919
2241
4417
2290
4814
639
4328
449
2200
988
3428
2868
2803
2310
3039
1553
2074
4552
4269
1037
2330
2154
4462
4235
851
4972
37
1740
3843
2408
406
80
3107
4742
524
1166
4430
2912
1771
3931
3323
3492
2536
4447
872
2002
2813
955
2967
4603
2026
100
3140
4849
4612
1035
1262
3164
4570
4596
3675
911
3704
2287
3688
525
3064
2036
4480
4916
2515
2496
3166
1795
512
3455
543
2017
3192
3966
2375
852
401
2681
54
1299
1781
595
4582
2402
4885
2037
1802
922
2033
4730
397
2352
1701
774
2011
3481
765
4590
1922
3811
3506
587
2516
3950
1822
4308
848
1311
1287
1424
4714
3641
2614
1796
2480
1344
2796
3303
4613
1570
3522
995
3748
737
3142
2526
773
2283
3591
2131
3702
857
1804
4138
2936
1888
4777
4951
1666
2042
4967
3222
3318
2136
3475
1688
3852
3059
3047
389
4935
1248
3453
1033
2941
3243
3365
1728
1475
3284
4504
2409
2384
1112
2029
4112
850
1661
358
3844
3732
1308
2485
3679
3086
4779
876
159
1486
2376
892
470
823
874
2056
3155
4363
3430
4074
1692
2711
4303
3827
2190
4011
2460
2524
3342
4169
4874
3255
1077
2646
3135
2086
4295
2514
1635
3229
629
248
3383
2377
1763
1482
2343
1282
2546
4773
254
3306
1616
34
3893
2879
2170
2005
4069
4913
2541
1679
4486
956
684
1630
2943
4063
4674
4026
3927
1831
3846
2193
1257
78
4209
179
375
2900
4388
3934
182
2227
3833
4499
1163
4581
2603
2075
1385
3237
4042
53
289
4382
1431
237
836
2451
2430
4535
3394
2753
1142
4312
4654
3499
2342
4038
4534
4487
465
1146
2950
1550
3740
2701
4724
3923
4853
3629
1137
4676
4090
1006
378
767
2031
1905
722
181
4433
1370
4909
592
1139
2444
1223
329
141
2679
3262
1209
3183
3763
4782
719
2820
1204
2688
4137
990
386
2783
3115
553
2725
1865
2715
3003
1281
498
1375
3193
129
4831
4471
3922
3978
695
4125
3717
2309
4250
3935
3209
4018
1732
3747
1716
1744
2630
452
2493
19
4871
4412
342
4823
3571
196
1379
410
2481
2934
2811
2686
4406
4687
4595
1468
2608
2153
1452
4434
503
4472
2277
4978
1239
2344
1524
2416
3079
1447
450
3620
2697
4838
81
56
2921
1839
3052
328
1711
706
2437
2970
3797
67
1280
882
2632
1097
2140
4628
1769
4982
3589
4988
4573
3234
3088
3958
2940
2187
3061
2718
443
2374
3930
2105
1024
1748
1177
558
4923
4133
2325
742
1984
672
3791
2954
3545
1615
1176
2504
319
1072
1552
1389
2545
3466
2222
4966
1363
3973
2237
4867
4634
3174
44
3869
1315
2864
3878
1025
3528
3250
2834
2080
2192
1334
4924
2955
387
1268
1523
364
1506
1039
2331
4910
1773
2445
1236
2039
4236
4243
4515
2233
1448
3361
3409
145
4452
1381
3917
4321
3274
2827
239
3792
1558
2774
2064
2372
4044
4305
1923
2786
4435
4165
1032
875
676
487
1957
127
162
4639
3121
4156
798
2484
4357
324
267
4816
1843
3812
3301
1759
3205
1371
982
3281
4278
3951
2183
3286
4768
2328
688
3736
3741
4359
1338
3650
849
1835
4497
3078
4658
486
231
2383
3225
119
2479
3768
4385
3418
1668
1388
2795
4991
3798
2738
344
2224
1538
3008
1689
4758
4822
3848
178
2573
362
3783
1383
2030
190
970
3530
2625
3986
4688
4776
2987
1140
950
1871
2096
2849
3044
2858
1987
4671
822
3701
4402
2978
4177
1528
4089
1850
3371
2690
1095
4644
3671
455
4750
94
4841
1433
3553
3885
1150
2403
2525
4294
2506
2674
1898
4077
757
3870
3019
4748
2840
1973
4157
68
4360
3439
1542
2268
1606
4161
1411
4142
1674
1569
2853
2415
3877
1618
2758
4539
729
2471
439
2048
3565
1060
2423
4666
3454
1069
787
3501
2135
1143
3154
1911
1481
3982
101
2712
4080
4027
4537
1382
2160
1156
4286
866
2732
993
2754
652
555
1857
373
1255
1317
1811
95
29
2103
589
4098
2296
265
2666
3002
3130
1407
1867
3649
1422
2511
4217
4694
2258
3109
2513
724
1020
884
461
753
1056
2286
4942
1854
2165
483
2691
1894
3776
1200
4036
572
3276
3285
718
3354
3395
1994
1685
3630
3777
4455
1131
1179
3778
4266
3123
398
3352
2458
715
1461
3196
3628
1862
2517
1498
1887
1806
3268
2128
1002
2300
3469
734
3322
4805
1102
3283
4348
1423
4110
714
4366
1863
39
1586
2532
3397
1440
4621
2421
3324
4500
2658
3615
391
4879
2893
1841
786
326
337
1088
3613
2920
1400
944
4362
4772
4960
3845
1016
621
3280
1540
2013
1921
4734
2939
60
938
4950
2782
4899
1073
2308
2070
2319
4807
1502
1650
3946
1049
257
1741
4005
1727
508
1099
3908
2240
643
3391
1756
1495
3119
4387
4607
1956
661
429
4695
4791
771
4775
4746
1940
92
2279
1373
2520
2194
4228
700
3609
623
150
4969
614
1479
2798
4845
1647
2232
762
75
340
1717
4130
2221
1648
2347
3782
2381
952
2133
4034
2857
3808
4835
1210
4496
967
1749
649
3467
4143
2235
336
1800
2805
560
1753
4626
1821
2642
3151
3177
3676
147
2844
4066
833
4213
2018
3975
602
2743
574
4904
4205
3448
4830
1098
1319
1594
466
3640
154
1509
4167
723
979
4368
3532
3076
3165
3546
910
4869
1443
2676
2923
282
3598
631
2294
2399
3251
3542
921
3203
4258
165
2705
905
720
2148
4614
26
1356
1562
4175
2878
3423
2810
1359
4028
1148
3716
