49994
49991
49980
49970
49969
49966
49954
49934
49933
49932
49926
49915
49909
49908
49900
49898
49889
49875
49874
49873
49867
49861
49852
49842
49823
49823
49814
49806
49801
49767
49763
49761
49759
49731
49728
49728
49724
49712
49691
49685
49678
49659
49636
49610
49606
49602
49598
49596
49595
49591
49587
49585
49583
49576
49571
49539
49530
49520
49502
49486
49480
49452
49444
49433
49432
49432
49431
49397
49396
49371
49362
49359
49337
49328
49316
49305
49297
49279
49262
49249
49248
49222
49222
49198
49197
49174
49166
49140
49111
49106
49039
49028
49015
49015
49011
49002
48997
48988
48955
48949
48941
48941
48891
48881
48873
48867
48859
48859
48849
48829
48823
48814
48808
48808
48792
48790
48782
48781
48773
48771
48749
48744
48741
48730
48730
48701
48682
48680
48669
48658
48654
48630
48622
48618
48586
48569
48551
48551
48546
48531
48519
48487
48472
48460
48449
48442
48440
48431
48423
48403
48401
48393
48393
48375
48373
48356
48348
48330
48318
48304
48304
48295
48292
48279
48274
48273
48270
48265
48247
48233
48230
48200
48198
48175
48169
48167
48149
48142
48129
48125
48114
48088
48072
48043
48034
48027
48024
48019
48014
47994
47986
47985
47980
47976
47975
47968
47959
47919
47917
47900
47890
47888
47888
47864
47855
47835
47827
47779
47773
47769
47760
47755
47746
47720
47694
47681
47680
47668
47657
47651
47636
47626
47626
47600
47589
47574
47559
47497
47489
47489
47474
47468
47459
47456
47453
47452
47447
47433
47414
47413
47411
47391
47363
47357
47321
47317
47299
47295
47291
47272
47266
47255
47246
47234
47229
47196
47181
47178
47172
47143
47136
47124
47118
47115
47114
47091
47070
47063
47062
47061
47060
47044
47033
47032
47028
47023
47013
47008
47004
46996
46994
46976
46955
46954
46951
46930
46927
46927
46919
46899
46898
46896
46892
46887
46861
46841
46816
46810
46809
46796
46793
46787
46782
46775
46763
46758
46758
46747
46730
46723
46722
46722
46714
46698
46696
46656
46650
46642
46637
46631
46613
46611
46610
46567
46563
46556
46554
46551
46548
46543
46542
46536
46531
46531
46499
46498
46497
46475
46474
46461
46433
46416
46393
46377
46372
46368
46348
46300
46300
46262
46240
46240
46221
46220
46215
46201
46197
46175
46160
46158
46156
46149
46148
46145
46141
46140
46139
46133
46130
46122
46107
46092
46072
46070
46058
46020
46017
46013
46003
45996
45990
45986
45985
45982
45975
45955
45953
45940
45920
45916
45915
45912
45886
45876
45856
45851
45832
45830
45824
45795
45794
45790
45786
45776
45768
45763
45739
45737
45725
45716
45695
45692
45688
45682
45642
45622
45602
45599
45588
45574
45566
45557
45556
45551
45546
45534
45527
45510
45505
45492
45478
45469
45457
45412
45410
45407
45401
45383
45368
45362
45355
45341
45340
45303
45301
45298
45282
45260
45259
45258
45248
45239
45219
45215
45203
45190
45165
45144
45127
45127
45124
45123
45101
45090
45089
45085
45067
45063
45054
45050
45048
45043
45035
45027
45026
45016
45014
45009
45005
44979
44971
44939
44896
44887
44885
44883
44856
44842
44811
44801
44796
44793
44788
44781
44763
44759
44744
44732
44724
44719
44693
44691
44687
44676
44675
44664
44643
44638
44622
44596
44588
44566
44564
44548
44528
44520
44520
44511
44504
44497
44437
44437
44424
44415
44401
44391
44384
44380
44376
44366
44365
44325
44323
44317
44310
44304
44293
44269
44264
44236
44217
44216
44203
44193
44191
44187
44185
44172
44161
44156
44136
44131
44096
44086
44054
44051
44050
44047
44035
44027
44015
44012
43997
43989
43975
43957
43937
43932
43916
43912
43906
43905
43898
43889
43880
43875
43865
43865
43856
43854
43819
43816
43793
43781
43780
43775
43768
43758
43752
43745
43745
43738
43724
43710
43696
43694
43687
43684
43675
43670
43667
43664
43647
43628
43607
43600
43598
43587
43570
43559
43547
43544
43534
43529
43504
43479
43471
43455
43441
43419
43394
43390
43367
43363
43351
43350
43337
43324
43296
43253
43250
43239
43232
43206
43205
43200
43197
43165
43162
43154
43118
43110
43104
43097
43078
43074
43065
43039
43036
43034
43028
43022
43014
43006
42995
42937
42920
42915
42892
42889
42885
42883
42856
42855
42855
42851
42843
42827
42813
42812
42804
42782
42773
42760
42751
42748
42739
42734
42713
42711
42709
42704
42666
42647
42627
42624
42613
42607
42600
42589
42582
42541
42533
42526
42518
42516
42513
42513
42496
42471
42468
42459
42427
42421
42413
42411
42407
42394
42386
42386
42379
42374
42362
42358
42349
42347
42338
42300
42295
42291
42291
42278
42254
42224
42216
42202
42200
42196
42190
42183
42175
42170
42143
42136
42132
42106
42086
42085
42083
42078
42068
42067
42061
42061
42027
42025
42022
42018
41998
41997
41983
41968
41966
41960
41950
41950
41941
41929
41922
41909
41899
41898
41889
41889
41877
41876
41831
41796
41787
41775
41773
41772
41770
41765
41761
41759
41759
41748
41737
41716
41700
41696
41681
41669
41631
41627
41618
41613
41613
41601
41596
41596
41596
41591
41590
41584
41558
41554
41541
41535
41533
41510
41503
41488
41479
41475
41468
41467
41443
41428
41425
41415
41397
41372
41364
41361
41359
41356
41350
41349
41339
41332
41320
41319
41312
41302
41295
41283
41280
41260
41244
41231
41212
41206
41172
41148
41137
41124
41122
41121
41118
41100
41100
41092
41064
41060
41045
41006
41005
40986
40967
40949
40947
40929
40917
40915
40882
40878
40877
40869
40846
40845
40839
40834
40829
40816
40809
40808
40807
40794
40788
40785
40781
40765
40763
40753
40751
40729
40718
40713
40712
40701
40685
40658
40627
40589
40562
40562
40553
40551
40532
40523
40521
40491
40489
40472
40461
40433
40399
40393
40386
40354
40345
40345
40339
40339
40333
40333
40327
40327
40312
40309
40306
40297
40281
40271
40244
40240
40238
40237
40220
40207
40187
40172
40155
40146
40143
40137
40136
40128
40127
40118
40115
40107
40098
40068
40034
40024
39982
39975
39950
39948
39946
39943
39915
39896
39894
39887
39864
39850
39844
39839
39822
39818
39813
39810
39804
39790
39786
39780
39780
39779
39774
39770
39749
39742
39723
39721
39705
39683
39674
39671
39658
39647
39639
39636
39633
39612
39611
39603
39597
39596
39580
39567
39546
39518
39513
39512
39492
39485
39471
39454
39449
39433
39423
39420
39419
39409
39398
39388
39375
39351
39348
39322
39308
39303
39301
39296
39292
39279
39277
39274
39268
39260
39245
39240
39234
39212
39189
39162
39133
39107
39101
39072
39070
39057
39052
39034
39032
39030
39022
38999
38992
38990
38983
38899
38885
38880
38878
38866
38855
38836
38810
38804
38799
38779
38779
38772
38768
38766
38765
38764
38764
38758
38757
38752
38742
38741
38732
38727
38722
38720
38704
38704
38703
38695
38667
38663
38661
38654
38637
38631
38624
38609
38602
38574
38546
38545
38539
38536
38532
38522
38517
38507
38497
38481
38480
38469
38455
38455
38433
38428
38427
38412
38411
38408
38395
38394
38393
38390
38366
38346
38344
38340
38336
38334
38318
38280
38252
38252
38250
38224
38217
38215
38214
38188
38178
38169
38168
38152
38152
38136
38124
38118
38101
38095
38079
38073
38064
38053
38042
38038
38038
38037
38035
38029
38019
38009
37990
37989
37989
37986
37981
37977
37969
37966
37956
37939
37938
37937
37934
37914
37914
37903
37899
37884
37875
37869
37859
37858
37846
37840
37780
37776
37775
37740
37711
37707
37705
37686
37685
37683
37676
37664
37647
37644
37628
37600
37591
37581
37577
37574
37563
37563
37556
37555
37538
37531
37520
37511
37508
37498
37494
37480
37475
37471
37457
37446
37432
37431
37419
37416
37387
37378
37375
37374
37370
37360
37355
37344
37343
37341
37322
37311
37310
37308
37303
37292
37292
37272
37261
37259
37243
37232
37231
37229
37218
37206
37199
37173
37157
37132
37116
37114
37113
37095
37087
37086
37084
37067
37061
37042
37026
37018
37012
37000
36997
36988
36967
36955
36943
36937
36931
36926
36925
36910
36908
36865
36852
36842
36835
36827
36822
36811
36801
36801
36794
36790
36784
36783
36776
36771
36771
36759
36759
36754
36752
36732
36729
36716
36706
36699
36697
36694
36678
36662
36659
36653
36653
36649
36635
36623
36619
36617
36615
36596
36577
36573
36561
36557
36556
36555
36554
36547
36523
36521
36486
36471
36471
36465
36437
36433
36404
36389
36385
36385
36372
36348
36323
36318
36294
36292
36287
36286
36279
36277
36273
36272
36269
36261
36256
36254
36251
36247
36240
36224
36223
36215
36212
36190
36134
36134
36099
36097
36089
36081
36063
36045
36045
36038
36036
36027
36019
36003
35994
35974
35968
35956
35938
35933
35926
35926
35922
35900
35899
35899
35899
35893
35889
35882
35880
35866
35860
35859
35856
35855
35840
35825
35823
35821
35801
35770
35766
35765
35757
35751
35729
35708
35667
35631
35628
35614
35604
35598
35582
35580
35575
35572
35563
35548
35548
35536
35534
35505
35483
35471
35447
35433
35431
35389
35385
35382
35374
35369
35365
35359
35351
35351
35334
35313
35284
35272
35241
35221
35216
35215
35212
35197
35193
35188
35154
35131
35126
35123
35106
35105
35087
35073
35072
35062
35054
35036
35033
35022
35016
34991
34982
34976
34943
34928
34908
34905
34884
34862
34862
34861
34842
34832
34821
34814
34808
34784
34769
34766
34761
34759
34736
34724
34720
34699
34696
34694
34679
34674
34668
34666
34656
34651
34606
34596
34591
34591
34586
34579
34572
34558
34553
34550
34548
34537
34535
34531
34526
34504
34492
34489
34489
34485
34482
34433
34421
34417
34417
34415
34410
34393
34385
34364
34362
34361
34353
34351
34339
34302
34297
34288
34283
34269
34251
34249
34248
34236
34226
34221
34219
34202
34179
34167
34167
34163
34157
34131
34123
34120
34114
34106
34089
34028
34020
34016
34013
33991
33980
33972
33953
33952
33944
33927
33916
33913
33905
33904
33901
33888
33883
33882
33881
33876
33852
33831
33791
33779
33771
33763
33762
33745
33731
33707
33701
33701
33700
33696
33686
33683
33681
33675
33668
33666
33648
33629
33624
33620
33618
33615
33613
33591
33572
33561
33524
33520
33513
33492
33475
33470
33460
33458
33451
33450
33450
33449
33438
33424
33422
33418
33415
33414
33403
33376
33376
33358
33355
33353
33349
33347
33297
33293
33278
33277
33234
33234
33230
33216
33192
33189
33185
33177
33168
33166
33164
33162
33160
33155
33140
33136
33133
33132
33119
33115
33104
33102
33101
33101
33089
33062
33061
33049
33045
33044
33041
33032
33031
33016
33013
33005
33004
33001
32980
32977
32943
32909
32907
32907
32903
32899
32883
32879
32878
32876
32872
32870
32858
32856
32834
32815
32811
32810
32798
32789
32788
32786
32784
32780
32778
32773
32765
32743
32730
32700
32695
32694
32682
32652
32634
32619
32615
32609
32595
32566
32551
32550
32541
32539
32523
32516
32501
32477
32475
32470
32456
32452
32447
32415
32403
32389
32376
32369
32360
32358
32351
32342
32302
32302
32274
32240
32240
32221
32204
32196
32195
32189
32180
32175
32174
32168
32160
32157
32150
32107
32087
32077
32074
32068
32065
32056
32050
32008
32007
32003
31992
31977
31971
31943
31930
31921
31910
31887
31882
31875
31872
31872
31843
31839
31821
31794
31788
31771
31770
31770
31765
31748
31748
31735
31734
31720
31719
31686
31683
31680
31649
31628
31618
31612
31571
31569
31568
31566
31562
31551
31551
31543
31533
31525
31511
31506
31480
31462
31448
31442
31437
31427
31421
31343
31320
31314
31311
31292
31276
31252
31237
31209
31203
31189
31161
31148
31107
31091
31076
31072
31070
31053
31017
30999
30989
30984
30983
30968
30965
30949
30946
30944
30942
30921
30914
30902
30902
30875
30866
30811
30803
30793
30792
30791
30778
30772
30757
30754
30732
30721
30718
30700
30690
30682
30664
30654
30652
30651
30641
30638
30636
30626
30620
30614
30601
30577
30573
30559
30557
30551
30551
30535
30524
30511
30510
30507
30497
30477
30465
30455
30453
30451
30444
30442
30439
30431
30429
30416
30415
30385
30382
30378
30372
30365
30365
30360
30358
30337
30334
30310
30310
30285
30256
30253
30240
30215
30201
30167
30159
30137
30119
30117
30108
30080
30071
30071
30070
30045
30032
30026
30018
30012
30011
30001
29984
29984
29975
29969
29934
29932
29889
29868
29850
29849
29839
29829
29825
29818
29776
29773
29749
29744
29696
29665
29640
29622
29606
29604
29593
29590
29570
29561
29547
29535
29525
29517
29513
29509
29468
29461
29456
29453
29453
29450
29446
29442
29438
29425
29404
29396
29394
29394
29391
29386
29384
29383
29378
29371
29367
29365
29361
29349
29319
29318
29317
29312
29304
29291
29289
29268
29267
29253
29248
29244
29233
29222
29209
29200
29183
29168
29163
29158
29156
29154
29147
29143
29140
29135
29131
29131
29127
29122
29102
29096
29082
29082
29069
29066
29064
29058
29044
29044
29033
29031
29030
29025
29021
29008
28962
28961
28941
28934
28933
28930
28926
28903
28893
28887
28877
28872
28855
28841
28840
28840
28836
28831
28823
28816
28807
28806
28790
28789
28784
28779
28777
28755
28743
28723
28710
28706
28705
28690
28688
28682
28679
28675
28672
28666
28665
28656
28650
28647
28637
28636
28634
28633
28606
28598
28587
28546
28524
28517
28507
28505
28500
28495
28483
28482
28476
28473
28471
28457
28453
28448
28446
28445
28424
28412
28408
28406
28403
28403
28403
28393
28382
28379
28368
28366
28357
28351
28331
28325
28306
28297
28297
28294
28280
28276
28269
28260
28259
28237
28232
28207
28172
28147
28126
28123
28115
28114
28082
28079
28060
28042
28027
28024
28016
28015
28011
28007
28003
27986
27979
27976
27970
27968
27964
27932
27917
27917
27888
27884
27883
27880
27874
27873
27862
27846
27830
27812
27811
27808
27788
27784
27748
27746
27742
27730
27730
27728
27717
27711
27710
27687
27681
27668
27668
27662
27661
27656
27651
27631
27627
27626
27611
27600
27588
27584
27581
27572
27570
27559
27558
27509
27498
27497
27496
27424
27424
27399
27382
27360
27351
27343
27343
27342
27333
27326
27309
27304
27301
27299
27299
27299
27259
27241
27233
27227
27222
27222
27205
27180
27180
27153
27150
27147
27119
27112
27090
27084
27078
27077
27071
27065
27053
27041
27026
27021
27020
27019
27017
26987
26977
26973
26971
26969
26967
26963
26947
26936
26924
26920
26917
26916
26902
26891
26882
26857
26851
26849
26836
26835
26835
26823
26791
26790
26785
26784
26772
26770
26766
26754
26753
26745
26739
26735
26734
26728
26726
26724
26722
26718
26715
26714
26711
26679
26671
26669
26664
26647
26639
26595
26577
26573
26550
26539
26534
26517
26511
26490
26485
26483
26474
26472
26432
26431
26409
26398
26394
26388
26363
26353
26352
26339
26317
26278
26258
26247
26236
26216
26208
26206
26184
26176
26175
26170
26168
26156
26141
26137
26130
26114
26110
26109
26091
26088
26085
26085
26084
26072
26069
26066
26057
26050
26031
26007
26004
25998
25990
25987
25981
25967
25951
25951
25929
25921
25897
25892
25886
25886
25884
25871
25859
25836
25818
25816
25804
25803
25778
25767
25750
25734
25719
25705
25684
25683
25681
25673
25655
25646
25645
25637
25621
25611
25610
25566
25557
25549
25549
25549
25547
25517
25514
25510
25507
25496
25488
25472
25470
25468
25453
25440
25433
25428
25428
25427
25425
25425
25395
25384
25383
25376
25376
25372
25367
25365
25364
25351
25349
25324
25301
25301
25275
25269
25254
25250
25244
25235
25233
25226
25224
25222
25212
25203
25199
25189
25172
25168
25161
25160
25157
25139
25137
25132
25132
25131
25126
25123
25123
25114
25094
25093
25083
25083
25055
25042
25034
25029
25014
25007
24982
24978
24962
24954
24936
24922
24912
24912
24911
24905
24899
24890
24888
24879
24869
24867
24863
24853
24850
24841
24821
24812
24810
24771
24767
24707
24705
24704
24696
24657
24652
24641
24607
24592
24590
24571
24558
24552
24527
24526
24517
24505
24493
24483
24481
24477
24476
24462
24404
24402
24395
24388
24385
24385
24373
24360
24350
24341
24335
24334
24324
24320
24281
24251
24224
24223
24220
24208
24205
24198
24189
24169
24138
24137
24135
24105
24103
24102
24089
24088
24072
24072
24066
24063
24046
24038
24031
23994
23993
23991
23982
23963
23957
23943
23941
23923
23922
23918
23917
23905
23860
23852
23848
23835
23827
23810
23808
23792
23787
23787
23786
23780
23777
23769
23762
23761
23760
23737
23733
23726
23716
23715
23702
23701
23690
23685
23678
23672
23670
23647
23637
23619
23605
23594
23593
23589
23572
23556
23538
23526
23522
23519
23517
23503
23490
23489
23489
23470
23458
23424
23411
23408
23406
23399
23383
23382
23374
23373
23366
23364
23362
23353
23293
23285
23277
23260
23242
23239
23194
23190
23188
23183
23182
23168
23157
23154
23138
23094
23091
23074
23070
23064
23045
23035
23027
23011
23001
22988
22969
22967
22962
22949
22939
22938
22911
22907
22905
22893
22892
22889
22885
22884
22876
22875
22869
22868
22846
22827
22825
22792
22791
22789
22781
22775
22753
22737
22727
22714
22707
22704
22691
22657
22655
22652
22648
22611
22605
22599
22585
22532
22530
22526
22514
22508
22501
22491
22487
22476
22474
22466
22456
22453
22442
22439
22421
22418
22410
22407
22405
22395
22373
22370
22350
22349
22335
22330
22314
22313
22304
22304
22302
22298
22296
22287
22282
22271
22266
22228
22211
22190
22184
22182
22180
22162
22153
22153
22152
22152
22149
22148
22145
22137
22115
22114
22102
22070
22065
22060
22058
22054
22042
22037
22033
22030
22025
22020
22001
21988
21963
21948
21945
21935
21924
21899
21897
21892
21891
21882
21878
21877
21850
21835
21814
21787
21783
21776
21764
21759
21753
21721
21717
21715
21714
21711
21705
21705
21681
21678
21676
21663
21661
21654
21653
21633
21614
21596
21590
21580
21579
21558
21554
21552
21548
21484
21483
21478
21467
21445
21434
21418
21417
21387
21382
21376
21357
21339
21326
21323
21300
21297
21290
21285
21281
21275
21269
21265
21259
21250
21249
21242
21237
21236
21226
21206
21198
21198
21197
21196
21196
21188
21171
21169
21159
21154
21149
21147
21142
21142
21141
21139
21124
21123
21116
21114
21081
21072
21043
21031
21022
21013
21009
21000
20964
20957
20952
20951
20940
20940
20907
20895
20888
20887
20885
20880
20874
20855
20853
20849
20847
20831
20826
20810
20810
20808
20804
20791
20762
20759
20746
20741
20740
20733
20728
20716
20711
20700
20674
20667
20662
20645
20628
20611
20611
20607
20597
20596
20591
20589
20577
20576
20571
20567
20565
20550
20536
20516
20486
20477
20474
20460
20449
20438
20437
20431
20428
20408
20406
20391
20381
20376
20376
20364
20359
20345
20301
20300
20297
20294
20285
20281
20276
20275
20265
20265
20260
20230
20223
20222
20198
20194
20175
20173
20169
20133
20130
20084
20075
20057
20055
20037
20036
20034
20032
20031
20005
19992
19985
19977
19965
19957
19939
19929
19929
19923
19908
19902
19881
19859
19859
19841
19835
19819
19798
19794
19794
19793
19790
19790
19783
19777
19777
19776
19749
19746
19741
19737
19718
19711
19710
19697
19651
19643
19640
19627
19624
19607
19604
19596
19567
19558
19533
19517
19509
19505
19467
19446
19417
19404
19402
19399
19387
19376
19370
19362
19336
19304
19291
19285
19275
19261
19260
19212
19212
19207
19206
19195
19194
19187
19185
19184
19179
19162
19132
19118
19116
19113
19111
19097
19087
19074
19068
19053
19039
19030
19024
19020
19009
18998
18995
18977
18948
18926
18915
18911
18890
18881
18876
18876
18876
18846
18823
18818
18816
18805
18798
18789
18773
18761
18746
18741
18737
18726
18702
18685
18660
18642
18631
18629
18625
18619
18614
18599
18599
18597
18547
18527
18515
18514
18509
18500
18484
18471
18462
18458
18450
18427
18420
18420
18419
18398
18394
18351
18325
18324
18304
18289
18279
18270
18249
18242
18242
18230
18222
18222
18216
18214
18212
18207
18199
18187
18185
18179
18139
18134
18130
18128
18120
18119
18118
18117
18112
18105
18104
18101
18070
18062
18054
18050
18048
18043
18041
18025
18005
17970
17966
17925
17916
17906
17904
17903
17899
17893
17885
17880
17866
17860
17860
17859
17854
17853
17838
17831
17827
17821
17814
17813
17796
17780
17768
17764
17761
17734
17732
17713
17706
17705
17704
17699
17695
17694
17694
17692
17686
17656
17638
17638
17626
17625
17612
17608
17594
17583
17568
17553
17541
17533
17527
17523
17515
17513
17511
17494
17490
17473
17472
17445
17430
17405
17398
17388
17381
17380
17371
17355
17333
17331
17321
17314
17313
17312
17295
17284
17266
17260
17258
17252
17247
17231
17229
17226
17207
17205
17186
17183
17182
17151
17144
17132
17117
17115
17113
17077
17060
17055
17052
17044
17038
17037
17013
17005
17004
16985
16981
16976
16973
16970
16933
16933
16926
16919
16908
16903
16885
16861
16859
16858
16852
16847
16836
16805
16800
16799
16793
16791
16781
16774
16772
16769
16768
16759
16745
16739
16696
16678
16670
16666
16663
16663
16660
16637
16636
16631
16604
16593
16583
16579
16568
16563
16549
16547
16534
16529
16512
16491
16485
16483
16469
16459
16449
16415
16400
16385
16385
16370
16357
16352
16333
16333
16319
16307
16293
16290
16283
16257
16235
16212
16208
16198
16195
16174
16160
16143
16134
16123
16115
16112
16095
16088
16083
16072
16029
16028
16026
16025
16018
16010
16005
16003
16002
15959
15955
15947
15933
15931
15930
15925
15913
15888
15879
15873
15869
15859
15856
15847
15842
15836
15835
15823
15808
15804
15798
15789
15788
15779
15778
15775
15763
15758
15758
15756
15719
15712
15710
15700
15695
15694
15684
15668
15666
15664
15657
15654
15645
15642
15635
15625
15600
15598
15596
15595
15590
15587
15577
15568
15568
15566
15550
15548
15538
15536
15519
15500
15498
15497
15488
15488
15486
15450
15443
15441
15436
15423
15408
15404
15394
15384
15356
15337
15334
15318
15292
15275
15259
15247
15246
15237
15214
15204
15197
15173
15172
15168
15161
15159
15147
15147
15123
15087
15082
15082
15068
15051
15028
15022
15003
14982
14978
14963
14958
14912
14906
14904
14875
14859
14851
14846
14844
14843
14842
14822
14820
14814
14802
14795
14757
14747
14739
14735
14727
14711
14701
14688
14683
14665
14664
14661
14646
14639
14623
14620
14619
14616
14612
14609
14569
14558
14554
14541
14536
14536
14536
14523
14507
14499
14498
14484
14476
14461
14459
14456
14454
14450
14426
14424
14421
14421
14395
14389
14337
14336
14330
14329
14318
14318
14314
14302
14302
14298
14290
14262
14249
14237
14215
14214
14202
14176
14174
14139
14136
14131
14121
14120
14120
14120
14114
14086
14080
14079
14049
14023
14008
14007
13989
13989
13967
13967
13965
13965
13937
13923
13922
13918
13911
13908
13905
13895
13872
13871
13866
13859
13858
13851
13851
13847
13845
13828
13827
13822
13818
13817
13812
13802
13800
13796
13796
13776
13763
13762
13746
13742
13741
13732
13718
13700
13689
13687
13668
13665
13653
13651
13650
13649
13643
13622
13622
13620
13615
13614
13610
13582
13574
13572
13560
13551
13550
13549
13542
13540
13534
13530
13522
13515
13515
13512
13504
13504
13495
13484
13471
13471
13470
13466
13466
13460
13453
13443
13439
13435
13410
13404
13403
13387
13386
13375
13367
13350
13338
13324
13323
13315
13308
13305
13302
13279
13270
13251
13247
13224
13219
13214
13212
13203
13180
13165
13165
13141
13131
13125
13119
13103
13103
13100
13082
13076
13076
13057
13050
13048
13045
13041
13037
13037
13035
12999
12990
12981
12967
12960
12951
12930
12922
12912
12905
12879
12872
12871
12861
12838
12822
12816
12811
12811
12779
12768
12756
12751
12751
12750
12747
12736
12723
12722
12720
12719
12718
12707
12685
12675
12675
12667
12663
12651
12642
12633
12617
12615
12611
12602
12601
12595
12589
12575
12567
12535
12528
12502
12474
12466
12466
12463
12455
12451
12424
12405
12404
12396
12392
12377
12372
12355
12354
12352
12342
12336
12333
12327
12317
12315
12309
12298
12290
12287
12270
12266
12260
12247
12239
12233
12218
12215
12215
12187
12172
12171
12153
12151
12136
12131
12130
12117
12075
12069
12060
12053
12051
12032
12032
12019
12018
12006
11990
11977
11971
11923
11909
11897
11876
11870
11865
11854
11853
11848
11841
11840
11838
11838
11833
11830
11812
11789
11784
11784
11778
11768
11760
11747
11743
11732
11731
11724
11722
11704
11689
11679
11667
11663
11654
11639
11638
11629
11629
11628
11622
11618
11616
11616
11605
11591
11586
11577
11576
11575
11571
11563
11557
11550
11550
11549
11539
11520
11516
11510
11504
11502
11493
11488
11477
11469
11467
11446
11408
11398
11398
11392
11376
11363
11350
11343
11339
11313
11308
11291
11286
11273
11239
11222
11220
11185
11183
11181
11161
11156
11129
11129
11117
11114
11113
11099
11092
11075
11075
11068
11061
11053
11031
11029
10988
10985
10979
10960
10959
10920
10915
10882
10875
10868
10863
10855
10855
10837
10828
10819
10795
10787
10785
10780
10780
10776
10771
10768
10743
10701
10699
10696
10693
10686
10682
10658
10651
10649
10644
10638
10596
10592
10567
10549
10548
10540
10511
10502
10498
10492
10490
10485
10428
10402
10383
10357
10342
10338
10334
10299
10297
10254
10253
10247
10244
10242
10239
10234
10221
10214
10200
10197
10175
10169
10123
10122
10120
10103
10088
10086
10085
10045
10040
10040
10024
10022
10004
9988
9979
9975
9948
9935
9934
9925
9898
9861
9855
9853
9853
9828
9825
9821
9806
9791
9776
9745
9737
9731
9725
9723
9722
9697
9685
9675
9662
9647
9635
9630
9625
9624
9619
9610
9594
9590
9588
9573
9560
9547
9547
9538
9526
9518
9482
9476
9471
9462
9450
9385
9382
9382
9374
9367
9358
9346
9344
9331
9326
9323
9315
9309
9301
9290
9266
9257
9248
9246
9243
9241
9216
9216
9212
9206
9196
9186
9184
9174
9173
9159
9153
9150
9148
9126
9123
9107
9091
9088
9071
9034
9029
9027
9019
9018
9001
8975
8960
8948
8938
8922
8922
8918
8899
8896
8859
8852
8840
8834
8812
8810
8806
8800
8796
8788
8757
8757
8747
8746
8736
8697
8695
8673
8659
8651
8647
8640
8626
8623
8613
8600
8591
8589
8584
8550
8543
8540
8531
8520
8515
8506
8486
8476
8472
8464
8442
8440
8439
8435
8412
8409
8400
8398
8398
8397
8384
8383
8339
8331
8330
8328
8325
8319
8318
8309
8299
8284
8272
8271
8264
8260
8225
8224
8205
8201
8198
8191
8180
8179
8164
8155
8154
8142
8120
8092
8091
8081
8069
8056
8053
8047
8046
8031
8028
8025
8018
7992
7989
7969
7968
7945
7931
7926
7913
7892
7888
7886
7848
7834
7830
7823
7812
7798
7795
7793
7782
7766
7765
7760
7757
7757
7751
7737
7736
7711
7702
7669
7668
7661
7643
7628
7628
7618
7611
7567
7545
7536
7529
7521
7509
7507
7482
7470
7465
7447
7441
7436
7435
7415
7386
7384
7379
7375
7374
7341
7335
7327
7322
7319
7317
7314
7294
7292
7285
7267
7256
7251
7251
7249
7248
7221
7216
7212
7193
7146
7142
7117
7097
7080
7068
7046
7011
6997
6983
6974
6943
6938
6936
6917
6903
6894
6888
6881
6881
6877
6871
6859
6843
6840
6837
6794
6771
6761
6756
6749
6738
6738
6716
6713
6712
6706
6704
6691
6691
6679
6661
6659
6646
6643
6636
6626
6623
6621
6617
6614
6606
6604
6594
6582
6558
6558
6543
6540
6526
6500
6470
6467
6461
6456
6446
6445
6430
6423
6419
6350
6342
6329
6317
6294
6280
6278
6272
6262
6254
6237
6235
6224
6204
6178
6161
6161
6148
6116
6115
6102
6101
6093
6076
6075
6073
6060
6040
6039
6006
6003
6000
5997
5993
5982
5974
5961
5954
5932
5917
5900
5888
5880
5867
5856
5851
5838
5834
5830
5805
5804
5796
5795
5776
5769
5749
5743
5702
5698
5697
5695
5695
5671
5671
5668
5664
5658
5652
5648
5632
5632
5622
5616
5594
5587
5581
5574
5565
5564
5542
5534
5529
5512
5485
5477
5474
5468
5461
5460
5451
5447
5435
5433
5420
5420
5413
5412
5395
5390
5385
5381
5379
5379
5371
5370
5354
5338
5333
5328
5312
5293
5290
5260
5247
5246
5240
5231
5228
5225
5218
5217
5212
5206
5205
5205
5194
5187
5172
5162
5134
5132
5129
5120
5120
5116
5111
5108
5106
5101
5101
5061
5036
5036
5020
5017
5008
4992
4992
4990
4986
4971
4957
4939
4872
4866
4857
4854
4822
4818
4805
4798
4790
4766
4766
4701
4700
4687
4670
4667
4661
4652
4644
4644
4620
4607
4598
4589
4570
4567
4565
4561
4557
4553
4549
4482
4465
4465
4445
4442
4424
4422
4420
4400
4390
4361
4361
4359
4350
4346
4318
4314
4291
4290
4271
4270
4238
4233
4225
4223
4191
4183
4171
4147
4142
4127
4126
4116
4113
4104
4100
4062
4059
4031
4027
4023
4002
4001
3993
3989
3973
3964
3963
3961
3959
3956
3954
3947
3944
3943
3935
3929
3922
3922
3920
3920
3918
3914
3912
3897
3890
3872
3863
3849
3840
3830
3822
3813
3805
3800
3789
3762
3761
3757
3741
3740
3701
3699
3697
3696
3695
3691
3686
3676
3659
3655
3643
3626
3622
3606
3604
3595
3585
3569
3560
3558
3552
3549
3546
3511
3510
3509
3487
3485
3483
3478
3476
3459
3432
3422
3421
3420
3406
3396
3390
3387
3351
3347
3328
3321
3315
3307
3303
3285
3276
3274
3263
3251
3251
3248
3236
3235
3225
3224
3221
3214
3213
3197
3170
3170
3168
3166
3161
3155
3153
3152
3129
3116
3105
3104
3101
3092
3072
3068
3034
3018
3013
2980
2965
2930
2903
2895
2876
2866
2865
2849
2845
2837
2813
2797
2795
2758
2741
2722
2722
2722
2721
2719
2705
2699
2685
2678
2670
2668
2665
2656
2654
2653
2640
2603
2603
2591
2589
2586
2574
2566
2561
2555
2539
2524
2516
2499
2476
2468
2465
2463
2461
2458
2458
2457
2455
2444
2432
2428
2414
2408
2406
2393
2378
2374
2355
2352
2348
2339
2328
2321
2317
2305
2300
2287
2285
2280
2272
2268
2267
2264
2259
2259
2252
2232
2229
2197
2189
2185
2163
2138
2100
2067
2051
2045
2041
2011
2007
1989
1985
1976
1963
1958
1945
1943
1940
1937
1904
1887
1878
1870
1870
1861
1848
1829
1811
1805
1803
1798
1796
1784
1780
1758
1758
1730
1727
1719
1696
1688
1675
1666
1642
1641
1639
1628
1618
1612
1599
1595
1586
1577
1575
1574
1572
1571
1566
1563
1551
1534
1533
1532
1502
1496
1495
1490
1476
1469
1466
1461
1448
1443
1426
1421
1420
1416
1397
1384
1379
1377
1373
1369
1366
1324
1316
1313
1305
1302
1299
1290
1264
1256
1255
1217
1216
1212
1209
1198
1185
1185
1166
1162
1160
1155
1148
1142
1136
1135
1126
1111
1090
1082
1078
1076
1046
1037
1035
1011
1010
1007
997
990
990
987
984
983
980
975
971
970
945
935
915
905
889
885
873
866
864
863
850
850
843
837
817
796
791
790
786
782
768
758
731
699
692
690
682
667
639
638
635
628
620
615
587
583
568
559
555
550
537
534
526
524
518
516
513
513
511
487
471
461
458
444
442
435
417
415
409
407
406
405
404
402
390
386
377
358
345
335
330
329
320
317
315
292
287
266
258
257
235
213
198
197
193
188
183
170
160
155
139
135
129
114
113
103
102
102
102
93
38
22
17
16
12
11
